NN-31.2
2
12
10
20
4
0.8732945701253293 0.36638414758023014 0.8251192829936328 0.15555936343898646 -0.33726396254189916 0.10432111925597565 -0.9147677956633729 -0.463714244846555 -0.2768709978749777 -0.52872277138438 -0.43928926127845824 -0.5451727343276935
0.47456480975025905 -0.6561449346205266 -0.6089939060981333 -0.17013216307523954 0.8413040007619896 -0.19114517389771923 0.68359042614907 0.011987027724773808 -0.011655404188672992 -0.09508664803406737 -0.13081792500345402 -0.021008891120594918
0.06897013675524533 -0.06716728783122865 -0.5624458035670383 -0.05442547573178236 0.07667730968773866 0.5699052228514023 0.0668901328597709 -0.08486363688525969 0.07164748289044365 -0.19509561973412648 0.18321293977427944 -0.9833085774147499
-0.3016931777000309 0.24493039760111648 -0.15940870315886113 -0.11607465807665363 -0.03423250330800531 -0.0281215270802595 0.30224546765388377 0.024957872365593436 0.27161763818013274 -0.5940826723057139 -0.3613741979445917 -0.37553613646849765
-0.22682815437460957 0.17331253507305242 -0.4352972430166503 -0.33088649992807917 0.3322386322612165 -0.2565679698165778 -0.09122518788724032 0.2665575812733759 0.3942108340348154 0.7339982270126612 -0.7108509864177539 0.36226578275214005
0.4465638189522024 0.9526893095508444 -0.537118924671804 -0.6315286462630155 0.12247922581858228 0.6274513250057863 -0.37284686267294737 0.15258333360453674 0.4301232420190536 0.04356239953410434 -0.2870848713369468 -0.027140531269353063
-0.9997140727954099 0.3963728665517006 0.5250505241201862 -0.2472906578723481 0.45401319335207063 -0.14598377842627774 -0.40892041463521595 0.7041705637388747 0.3556448383821367 0.2719821601917836 0.6849443343566722 0.013985326853192648
-0.1535918112583128 0.4214303462918616 0.5115670873792533 -0.6895520951140062 -0.0927387906322108 0.39034677030219256 0.693364539040981 0.6445296601458306 0.15655852740827966 -0.8041578956070534 -0.6873615380966505 0.8342316534707268
0.22789509488381743 -0.3422996487411548 0.6096569618837281 -0.4874875010881301 0.8319717311932365 -0.6303145095448967 -0.7584660829049095 -0.3283791033915085 0.9232042335556471 -0.2538396632555655 0.250744954525679 0.37820461717492226
-0.5362686384518562 0.9058462538387118 0.83194761039008 -0.3486472963060854 0.7555558505866655 0.8279056242189513 -0.8485473096946348 -0.5648426414833319 -0.48719924624445454 -0.6026639151510916 -0.30854212346521614 0.057337844751182566
-0.08709297840873417 -0.33796081858919547 -0.9902867717585064 -0.045727184276860955 -0.8423455327426287 -0.20315082670808648 -0.2659439744569903 0.026057799921235913 0.6125051839659458 0.9554366885720069
0.17936729185932165 -0.720969211845018 -0.7981706384495555 -0.6345473531638093 0.6781625076043669 0.19573553538551458 -0.38864024811946 0.32174905925222147 -0.6924700023837406 -0.015566779639242911
0.5005421055703886 0.2006826955279286 -0.450729373356634 0.9016759924646744 -0.05900859337508237 0.07090939106207084 -0.045764264893976114 -0.4616009497543163 -0.09454434808173225 0.6181085724075854
0.2179678517904493 -0.5021829794644304 -0.1299085385589941 -0.4511837281468791 -0.4369518206305554 0.5530622267933875 0.7646013723797668 0.9327918416529798 0.20005848500919776 0.6529075057897684
-0.4451034409845034 -0.18259292469816035 0.39619401577828817 0.47102133823064624 -0.3701096240856985 0.13772425791749865 0.9880264571382048 0.016883016211398653 -0.02398097167138935 0.35008577585786743
0.4582370583966291 0.8726874011860619 -0.5076650927760933 0.4939942225799343 0.9225817118802435 0.5697225950108311 0.6595888132365375 0.6827564207199489 0.13993507099831065 0.5844834780919663
-0.7707361342671467 0.9980049366439467 -0.13343361727398925 0.5890355295039016 0.6691043022821409 0.06439249828086127 0.8129925940217151 0.0662531114727658 0.5830146379483939 0.48045964309784045
0.5041248034261434 -0.6957284180196346 0.025356090468680564 0.3382537896153506 0.9491568432847384 -0.22610192179206257 0.03905817075213913 -0.7201836655015237 -0.9881062732352848 0.32716819060981117
0.1240202968216726 -0.5787177025183667 -0.09055916245346325 0.8545105820678807 0.22084685452621236 0.373639533663318 -0.03346798530951833 -0.9100707784339057 0.423310685212818 0.22751959293866664
0.6069976550264357 -0.39126101037991656 -0.043699203585092716 -0.12148877456875629 0.530087310772494 -0.5760061482304817 -0.32807358569352 0.10476943058391351 0.05178532523863541 0.5464917467854499
-0.5211969195666588 -0.12095983355275747 0.6091393010490975 -0.4804509253266156 -0.6635695256902281 -0.03879205964574828 -0.7914204257162518 -0.791044731208882 0.5904348544050958 0.38302423545687175
-0.557095437652015 0.7602005853952848 0.16465130410957318 -0.11105016529861775 -0.09913634276782916 0.9021711525500229 0.26174374091302255 0.4236559815804655 0.9019570266490755 -0.18715949303605584
-0.5200858235281869 -0.3062851596073852 -0.6206815937262771 0.9970370320928703 -0.7817037672930589 0.8917914068109022 -0.17140846350632 0.07990127755112796 0.387320196056848 0.3003910792737417
0.2565931692432095 -0.6398631864653243 0.5492246019025544 0.37908714856078873 0.1509957908009023 0.25181115327254455 0.4277486294727618 -0.6189061531452104 0.26603149823309 0.9291639509771579
0.16876006328353324 -0.254243768401175 -0.6898580229605986 -0.6346131660132939 0.49882308149564114 -0.1432235555486478 -0.7500389676553443 0.36943463949736477 0.7063271758902196 0.7369792759026397
-0.512317360506813 0.0670520451603056 0.24717135914090815 -0.2514847432969349 0.10876619961679346 -0.10570546040777139 0.8444745917690655 0.9198231261064294 -0.7542201719592712 -0.5620884884710851
0.3092246008491406 -0.481331143590104 0.3466353389308589 -0.5679518622153777 0.4783195439936627 -0.2556855587512159 -0.4504994451040973 -0.6069871899851856 -0.2470647060696837 -0.06689195825099237
-0.019134922566229576 -0.3004230049809971 0.9245267989990442 -0.4695806417644288 0.19386201505211084 0.6391567916618373 0.47283111051003734 0.22955202297407296 -0.006827303205159341 -0.48787351520555977
-0.011870357343831017 -0.00522781551602397 0.8045483421925416 0.03900785937883555 -0.23871616679147123 0.22687796083281975 -0.8220618317979058 -0.5824224480190463 -0.029896439293967573 -0.042553859774602736
0.9879381377652996 0.26979550242225625 0.30463699763571317 0.26987551115490055 -0.5463361967756919 0.05232172775076484 -0.872674928267518 0.12214627258560962 -0.39086275151281247 -0.31166627406505
-0.3894861587187822 -0.6125573031903468 0.43574076366206227 0.3888292965783746 -0.3013752237430498 0.5261329326952748 -0.8425664313302974 -0.4395483094019148 -0.3017466267925 -0.13795283647778822 0.9013967506821543 -0.3412307627114095 -0.2853519166751922 0.5504632170846147 0.3505005990238105 0.18497622811514577 0.10538919790529175 -0.8613860169327456 0.32869894062483135 -0.6065122846331056
0.010287582884702995 0.7307673670274495 0.6682231646032799 0.021629914233845637 0.8838554438311945 -0.25989235244679326 0.0156281304663083 0.2545053793703674 0.21190200364232492 0.38703757151917784 -0.34846425421486227 0.08161154462784975 -0.892012676094429 0.7428742964030739 -0.05453568074494888 -0.19793683073539464 -0.9167263781816484 -0.6591436778760822 0.39292445231693035 0.6295412855765453
0.12541000312197845 0.4021817474837364 0.18968483922636273 0.2177517578194068 0.7614174191182125 -0.6599511979785946 -0.11524174667348286 0.3306814038854644 -0.3047007129279614 0.5749834335439066 -0.6517823419658197 0.5236456836752262 -0.5281408860502398 -0.2556602826061415 0.39902891114484246 0.5482774787344682 0.18989232950596363 0.889308841251164 -0.6522519107474924 0.08764802922982369
-0.09142360632382768 0.256571742216613 -0.43637217350400404 -0.8162791673778242 -0.7453570457048817 0.16388474438044645 0.5973020572635754 -0.720692588548159 0.8212513513392935 -0.645607411706069 -0.45581207238191124 0.5442300545760139 -0.2546013472624432 0.5964746262647684 -0.2668182351310947 0.11387051105234579 -0.7254779474391091 -0.5887149536575276 0.5976818995076 0.890286865550981
0.9201351854414607 -0.36409811949304594 0.880471845913066 -0.9524843780386796 -0.9880355819839474 -0.9112742987175715 0.2281699830495398 0.8872849471657274 -0.4103501444529576 -0.010983758792703337
0.8106135344342269 -0.8207283229566935 0.3616293342598041 -0.3430793437105102 -0.5126419047068052 -0.43503761080650843 -0.12385384831408675 0.7716376944774312 -0.8190216538191942 -0.06912818276823685 -0.8345366664867611 0.07360450072301927 -0.7207151377413175 0.7293334439109742 -0.3654288156169715 0.2305587968291708 0.12824628223485912 0.31358128996544665 0.5441001223469046 0.934421623714119
-0.5396886366386555 0.31284051772234167 0.4684470933301168 0.03234190284881364