NN-1318.2
2
12
64
32
4
-0.28943275482932695 -0.08486378348871804 0.08524209875235834 0.7892168018215964 0.2323664986107621 0.8300480619741689 -0.3616321005947686 0.21339549218782441 0.14939629233098242 0.702796093182986 0.6549559869968312 -0.19898983256985897 
0.23277524570574726 -0.4835070583993657 -0.22393985510065373 -0.22526218498491563 -0.9178365929240737 -0.8858732030731695 0.3432318666031819 -0.20040594499888803 -0.7985983693730415 -0.6677878356839645 -0.7817634470071768 0.1890289875760606 
-0.39851814782341666 -0.2122263600465291 -0.29445814437265216 -0.8851982209877055 -0.5462822805711358 0.6920272544493652 0.04067924176382692 0.02278780568217236 0.40407383643279143 0.6448565311051068 0.3425666110592977 0.5975069603492984 
0.44374089805707456 -0.025370970739597314 -0.22269484875386303 0.4221969041953575 -0.16990512779289088 -0.30489619130729834 -0.1316380225602607 -0.1167909804685825 -0.5517356766769687 -0.3639116980113673 -0.9943971074719862 0.2218940922875953 
-0.5303268127035259 -0.23755139726105062 -0.012356042151562305 0.8968495880970513 0.6638787750523751 0.6631623385460768 0.3113733688556053 0.4716261793875738 0.3058752908366582 0.7324765326457106 -0.3167375024888847 0.4766266527567663 
-0.9695193310606226 -0.41766946778400016 -0.5073336006041729 -0.3292923292783636 -0.9339503751351652 -0.8131309972016263 0.42167764075452996 -0.4051574192007572 -0.6631398787636233 -0.42540698708511776 -0.5659084582452523 -0.9170426367680992 
-0.2976421409219724 0.697383625175137 0.9558544668215917 -0.33790439870607875 0.04359277821721999 0.07925218569340708 0.9686626183937945 0.8911788027636691 -0.3220424071687028 0.017522201417001813 0.17962449375471806 -0.559480376010391 
-0.9980515080788674 0.9813077563224113 -0.8100231621914035 -0.7824616838496361 0.21497404148476368 0.36102016654338837 -0.47570671712228063 0.730775763643634 -0.09880966568199123 0.7195159926699535 -0.10671036921418259 0.2542043606571651 
-0.18066358153075449 -0.01915451324797693 -0.605311254266542 0.5474216781196287 -0.24307725686666526 -0.6933654789414907 -0.005687280965654601 -0.2909873934621394 -0.5002365737191149 0.16211161931789048 0.3500477525205248 -0.39018264276314296 
0.48808355369193174 0.5602325674766583 -0.2883156399978575 -0.242812493164846 -0.3582126377872204 0.7165393645938232 0.8011464537155766 -0.33509161159049244 -0.7249235735493964 -0.9279329919058716 0.4893453146005403 -0.5598199558206389 
0.34711386634025976 0.2717297583203052 -0.653993577074351 0.44766311051480884 -0.01445254798373452 -0.9459163450592736 0.4620053997759068 0.06657733297925392 -0.5900415995465946 0.6856752281864453 0.5086787721189481 0.3641197825099328 
-0.23075150930704325 0.5665008060416306 0.7968029260181118 -0.3020243522789821 0.4381116976917956 0.10318125010243444 -0.4630116515079987 0.49018392476248607 0.4719932528640265 -0.16123897601854087 -0.0590898452598839 -0.3322381349656698 
-0.6059161014227601 0.21288369792063278 -0.480835052915708 -0.625390760132761 -0.8790667319008397 -0.4308443006519582 0.9338523837933297 0.4315800897829163 -0.28933606014835533 0.36449061812982386 -0.15303719986207134 0.4031910369662613 
0.07399249073572563 0.680443209910492 -0.12533785439337095 -0.9082169172054168 -0.895965826501662 0.6284017327452018 -0.5754069624415699 -0.741592594681951 -0.07145578460498529 -0.42086302417891136 -0.7975934536804208 0.15112236150060557 
-0.3820966562486363 0.137893681554831 -0.5055022546665939 0.040695346890381734 0.14159265704487123 0.7536074799805252 0.574045963043658 0.1927330372381969 -0.44852593117389916 -0.24094049807282802 -0.4202562370797739 -0.856564296792512 
0.03848604919861218 -0.691376290628474 0.2820545216431435 -0.3319159974075335 -0.22358319896911757 -0.47282151900085534 0.336181163715927 0.63661328298806 0.1753934460805603 -0.3904401926651658 -0.1215496168026288 -0.4664970229411085 
-0.48791459470125464 0.13630615090797749 -0.2287444663428642 -0.8913184865618454 -0.45721808992693724 -0.15725709886959405 0.7758936531780959 -0.38214110657155864 0.09928676008854892 0.7782618942285053 -0.6835627851281298 0.6923977836702937 
-0.6921039492200908 0.10526769518470933 0.9784984483596351 -0.20454021706598158 0.1454238223823475 0.2674074400500832 0.579939606596972 -0.05872505381935496 -0.5553422275273245 -0.800998438359776 0.5853118100832181 -0.19325718553822457 
-0.6993580187264964 -0.7225840017130835 -0.6670042751340988 -0.4543413683154424 -0.9794263127470821 0.7221676645706921 0.36858736349974475 0.15368391130728415 0.8591258305887028 -0.24878976069556882 0.15278163317436602 0.306225542901701 
0.15043241030927487 0.9765892590970258 0.5484068400366958 -0.5721874754021866 -0.9273955385057289 -0.8927380756620932 0.506952951844039 -0.95010128012021 -0.9444995000603927 -0.2448761411728038 0.4683960736217192 0.1056423818586791 
-0.13392218982031845 0.8165569977539087 0.31680644498076527 -0.5760169610971934 -0.23624985854532787 0.9360080050550749 0.5955509489876252 0.2753853246171751 0.6179010627211533 0.9995812890593468 0.5228939164472454 0.07704549714746232 
0.10624353838706924 -0.16504625000135564 -0.4762757516942536 -0.5961716430948516 -0.987111105492883 -0.25549275752205536 0.9260176130977928 -0.9128500752921493 -0.46413781509676283 0.4000840414526075 0.1312905309156649 -0.488384085696158 
0.25603998895107843 0.5834101920874356 0.770116254607345 -0.7493583918316646 -0.8731641415312077 0.573691469195321 0.43892171399756574 0.5556343683193162 0.39781750912049785 0.36107054222922697 0.8418079249161585 -0.015239600973660505 
-0.9425529046404854 -0.49462407710077594 -0.09298204684137656 0.1298400176874912 0.8792647827329312 -0.17680076931207478 0.5330395395076846 0.5638166065992873 -0.37523664852704397 0.3256203648912645 0.33892398843960897 -0.06588448287443006 
-0.33792201993144944 0.9611530952841513 0.29399278756513236 0.5337659144386508 0.23939239550318553 -0.10850239930053251 -0.48310589563053496 -0.00459454362075995 0.27454462810342156 0.5297370595524139 -0.28240578582683623 -0.20175122087304842 
-0.7526750351352884 -0.022938821473675486 0.4551648430495373 -0.493895571764777 0.5164739623958421 -0.6592730468569435 0.21493175523234975 0.05324230885456186 0.35440504362116226 0.8676854682886493 -0.19865738282240955 -0.7636527050958013 
0.8220416249655613 0.4945525867132957 0.7024897915661544 -0.40922151193089784 0.010092115914416206 -0.6584524622006351 -0.34250746299127005 -0.5430102211210925 -0.12395611889229485 0.18870836606185812 0.06146332330619778 -0.1573750395980198 
-0.25710477598512194 0.6738533742356484 -0.8090512578925823 0.38073211429056525 0.5661235641809714 -0.44049903493276954 0.02040592303404698 -0.560132492579271 -0.3830775094947455 0.19564184597201573 -0.725816689128066 0.0210863468647825 
-0.5345830549152706 -0.4237317337992359 0.41728119234985317 0.4696185730939958 0.9062716632239948 -0.3478995892189406 -0.32531769206369304 0.9013469710440655 0.585537653629413 0.227649777325744 0.16184810152990847 -0.7325487710006194 
-0.7610732617542622 -0.8461361463244154 -0.1471268497215308 0.1680824248171433 0.09832672195556214 0.7108277997862251 -0.47067321629074094 0.3167103671649207 -0.2908263737970255 0.8458669581260448 -0.6128692552276378 0.275846647185116 
-0.5209931977881448 -0.11769958151780062 0.15815719882258467 0.19708742662182854 -0.17944989177471254 -0.6978272594718786 0.9716140212420415 -0.5603111133839329 0.22628754997511097 -0.5527372527325285 0.5694094328155477 -0.7181497104953513 
0.04612574149106134 -0.3682783769535815 0.2529770573463286 -0.11544511854516573 -0.5432494300201691 0.18855725375552446 0.9120488379903944 0.05836866353491604 0.17749520169054542 0.1669572636849293 0.652578240777369 0.15290501812316998 
-0.39556799892539646 -0.10404289975728737 0.6474454357120134 0.5467848435759246 -0.3373304393001396 -0.5321419540370105 0.7841610283180608 0.558993071072455 -0.42156678519001867 -0.042397756881974696 -0.19101657089090018 -0.2355906260887347 
-0.34779285669209553 -0.5206062916245383 0.5458087656177533 -0.2295348178101364 -0.8693584354022414 0.4930131059733002 -0.23322061249149276 0.7987223198745945 -0.3910790849253104 0.0945335369432198 -0.42127278205607627 0.669284889338182 
0.5389486628317224 0.46726756263077385 0.5578750890566085 -0.21476958925452805 -0.655396318263955 -0.9427027996350601 -0.17417645432934528 0.14711496303233473 -0.3744087813453676 -0.6096523360997459 -0.004801487317441614 -0.2504149587995311 
-0.022946657176276676 -0.4624732243902678 0.711748176701555 -0.3971804419059379 -0.5690353044118391 -0.7435089706099415 -0.27155997968466977 0.169368481885719 -0.4179376924625162 -0.28641912981074924 -0.13091036976921686 0.6224283113196222 
0.05205985551643973 -0.5469513510006067 -0.20837653408606893 0.456147305603849 0.690206384421042 0.15073479968746128 -0.3233801999421142 -0.46525638366358035 0.004233546809552805 0.26318241817519233 -0.25506455926906724 -0.952429210023295 
0.2804405891242954 0.2159759519433467 -0.49258853969893335 -0.7580766318237533 -0.36509174919302306 -0.9082648421878166 -0.7375411288725519 0.939364578587482 0.006489904137076202 -0.8949491715365947 -0.382628066821754 -0.24076218178585196 
-0.7568675029574596 -0.6125837586136916 0.472430367696356 0.3937634189920682 -0.8882344478507964 0.015087210020925279 0.8207751465445612 0.08525147308675507 -0.36603531187992466 -0.040871494037311495 0.8330480302063648 0.8066955113669831 
-0.5383857172144996 -0.8152203903337466 -0.6724208628440426 -0.5830236568245544 -0.6096840284723083 -0.6596535306603253 0.3375123715109445 -0.31836211174797224 -0.17373330126645553 -0.26507060889645584 -0.048575788331001346 0.5939802504989771 
0.05807846306317726 0.8932613134289077 0.6935108973646003 -0.1973788160644309 0.734476010589423 -0.9397535247196278 -0.19140419834905947 0.76362063028394 0.21907169285535752 -0.716841418950468 0.49125688947639223 0.23612706001947603 
0.33221645619174733 0.1448594943162149 -0.0781152093326346 0.6719840706089943 0.4573418424733912 0.03789032696148263 0.27011874136831615 0.24591989588044033 -0.3828844119026391 0.959570151204713 0.523365171795811 -0.14349424686609183 
-0.4159180005627371 -0.3097464245922217 -0.8893437915480046 0.6994379292718672 -0.3322120586508952 0.9073985824620233 0.27829923161853615 0.1002205992036884 0.2000189647086394 0.4428729943535056 0.03131343558392665 -0.5028546489969625 
0.7116450479119814 -0.9376944996436624 0.6683550203863533 -0.07632348614682005 0.06178706764866087 0.46915397889533406 0.17461817829921727 0.17318381565569393 0.7494149365000315 -0.9527187491264211 0.17414145199963094 -0.12442837420746655 
0.5107663641132962 -0.5609200265359955 -0.38312126819893105 0.6363420770841629 0.5141795251063483 -0.45824851513929626 -0.9665601327818037 -0.09344387113050301 -0.10686486220659604 0.4425047765064889 0.43401768515907224 0.517371761932613 
-0.42182054202793395 -0.2014092267747333 0.495634256422947 -0.21247580664133786 0.3853847287399946 -0.30147845341960083 0.6399515097581167 0.7504614983802936 0.4173379224077946 -0.17271834421634627 -0.6072830651572922 -0.5286755973719421 
0.20171609511895217 0.00315503493440247 -0.3380598841165974 0.7798730615156513 -0.7900864976678935 0.4784659133905406 -0.3278156265639917 0.37035553074353067 0.6755783015457819 -0.5084392997665639 0.05274527167628583 0.06954998000714256 
0.9517175352665497 0.5431167659845363 0.1861579928105867 -0.1928933410467415 -0.7662117826363366 -0.2766415974176778 -0.2408166811356398 0.5073981163193738 -0.6146301344095847 0.11547568496552055 0.7846758504562361 0.23909688329488205 
0.6752654079211949 -0.2488361155369198 -0.5511508738952563 -0.4932021939096185 0.38422387832000965 0.05125144706925466 -0.3536781584692166 -0.26680627447439426 0.07847623531959087 -0.03942546940427416 0.23205686305958398 -0.08088299942235903 
-0.4589871550532351 0.9632959833052325 -0.42715998764226204 -0.5784443009885459 -0.9276097997702372 0.231218805744008 -0.14825048842123345 -0.7295848792262323 -0.06034509935324972 0.19111434880560313 0.6234050433429607 0.7255249271271763 
-0.2996593549383646 -0.09856303610725026 -0.03287584812793859 -0.1318728195243885 -0.6196842293806233 -0.7626762010338048 -0.6426691616287027 -0.36220158374856054 0.4611386669757467 0.7044819891291875 -0.03994639416057444 0.6756955225980079 
-0.26197366143393025 -0.8010287710057897 -0.026798741556550265 0.33764879186882274 0.5025332170745788 0.5578798143302696 -0.45039746671566894 0.7126187054953816 0.4105758036718941 -0.16289684385602213 0.7137214794495325 -0.5137542466969366 
0.09742401249784093 0.23400561870503087 0.027760908113142246 -0.3313101714229054 0.7462312601421076 -0.795358700691528 0.11701436324841537 0.3052982608473694 -0.8065016373859756 -0.37125579411533827 -0.3127190305469468 -0.24990865186320507 
0.4764150594110536 -0.9949517942847451 0.6027756064749447 -0.3099139897731388 0.2989066519807875 0.03984229251067592 -0.5061056659326263 0.09218824240303876 -0.6301545314519583 -0.4876423259357298 -0.4787112113056563 0.9699009806880401 
-0.5793165438218817 -0.14915468413609495 -0.18722019246126376 0.28827343817171336 0.79093579528418 0.3111545867362375 0.8454519857533742 -0.3207967586402251 -0.674436794738863 -0.07819370575521378 -0.1765686068333917 -0.08740115654443797 
0.38053173798344836 -0.6992165397767656 -0.3339406168289479 -0.17996822095157874 0.3599289946336183 -0.34525981895529684 -0.01875603914460168 -0.26527955546958476 0.15915082900085778 -0.22920440927363692 0.70730191384974 -0.9103916088898865 
0.96592467125433 -0.24176977231354901 0.48463551626186135 0.8442107088847817 -0.7152709903931628 0.7189510239695112 0.6423792000812978 -0.7349511481357665 -0.8164419795006601 0.2625112463804582 -0.30315758636263834 -0.5860131100038892 
-0.23748141053607144 -0.972210747565053 -0.05588041460103169 -0.28432953602273325 0.8408852092026854 0.559395070243978 0.17298664190704946 -0.7053390952955423 0.07837978272712548 0.9568919630707855 0.14892215678737655 0.0037667941644732306 
0.004288074404886125 0.08146535596066444 -0.7307566946413453 0.7245231629943909 0.8457230790884651 -0.2873322784439873 0.9867043116520369 -0.4155200493062403 0.20261597763586817 -0.2861606000047479 -0.8326404585103324 0.6930470297094671 
-0.35874822941202816 -0.6667435067085732 -0.5876894345585647 -0.35859190597657653 0.628720181402731 0.7234169380491694 0.0700273832976912 -0.9863908315982799 0.7316056673063981 0.54591584474168 -0.44282082051427957 -0.7128369625798254 
-0.43629355437440687 -0.815232571728484 -0.8559950292083567 0.4835181384716377 0.33009783600534687 0.2236034759728901 0.5548503017451061 0.8952213746198951 0.9330885753963878 0.001836018281809515 0.37004462024162654 0.9744976031679824 
-0.5355000832560795 -0.6561105845262849 0.45442116093884716 -0.6079092179409005 -0.5671034387936478 -0.4513880960443786 0.3960462017732609 0.5740743636809964 0.051800133935791665 -0.7881771193922693 0.4631556826112251 -0.38054007063677 
0.5023343134275978 0.21995599161780466 0.13652932810516827 -0.4544319669341432 0.2520034689006305 -0.06317789069850643 0.5584461311602662 0.13785260216290507 -0.3162614453140491 -0.6080086254690624 -0.8645692774813643 0.3686573438163028 
0.3248075219265396 0.9831490214207055 -0.038333500710494496 -0.10948798434471162 -0.5063937138761874 -0.7680647909971727 -0.7992317879621731 0.5749768629872196 0.3448786510865338 0.7657857477967631 -0.6636744921457896 -0.617879189490407 
0.23051493552492075 -0.5278778839820184 -0.5313775838141112 0.19684773837113584 0.7518202806144565 -0.35963441771884574 0.3108998115663924 0.28424817622231374 -0.6999837691851839 0.050586816157500505 -0.3022977852663221 -0.31718482867327474 0.7193292737992916 -0.8647657486979513 0.4636701934049672 0.016886277396507665 0.7277499085961647 -0.4121196961722772 -0.16561227859574118 -0.3916209016753032 -0.4934220207679245 -0.32973428163046736 -0.10216854699203937 -0.38515064289145073 -0.18127706105441846 -0.37188131010697895 -0.2975351935963125 -0.00883881931170668 -0.11904639917904916 -0.18229499525266643 -0.27517603745158364 -8.495411593934798E-4 0.19642313691687166 0.822341531925701 0.08463749885815203 -0.70060470508983 -0.7402026108797118 -0.6915554568911292 0.5485361174129226 0.8872119270244627 0.4020628161693327 0.9194341541387605 -0.5435003505860523 0.5433533218539716 -0.7983895964801409 0.1255279497292654 -0.9212524813436629 -0.49970940436954403 0.7749737298450798 0.3681111526573682 0.09869182864670893 -0.07532882613272278 -0.9705490120858603 -0.28223770080508676 0.1013656363418981 0.5089599372879375 -0.7641673556929544 0.7878097298424773 -0.35606669172581906 0.2327720226148032 0.6893619958053843 0.040422960433044934 0.6274667077101507 -0.5365251623866958 
-0.7448022296472423 0.5296947587220312 -0.09567047615560063 0.2913731720251591 -0.33144676119536576 0.1179629038319418 0.807608327804733 -0.6499761375636575 0.715776687705877 -0.5711049335385365 -0.4157910962634541 0.29757420061194595 0.7384734666326048 0.7131836688534963 0.6771830390813913 -0.3939699473113724 -0.3365097834615718 0.07950672907803336 0.11410488990416294 -0.20082550937778273 0.20768059579177878 0.44891974046540367 0.09108482635749027 -0.2551970064839071 -0.10383957022117779 0.6004916772477354 0.7181829500348534 0.08503083807572645 -0.5628507784209709 0.9550298013749952 -0.021819852937483182 -0.057405959574377774 -0.6182649173762175 0.09111206014063003 -0.058107368520233335 0.4734165452542661 -0.03004644698943854 0.6049197208529407 -0.28407694998227545 0.7528734305874116 0.4795563415372804 -0.48725113580446 -0.26332606269702247 -0.5732849209243849 0.6582053457621931 0.6911533360767066 -0.2791552832699318 0.5511783922269382 -0.18133041008336515 -0.6363092326177676 -0.8047803279441705 -0.8431840806720595 0.21487036815824118 0.19876162379615758 -0.0976667998042915 -0.34373567995969784 -0.831508132592879 0.12590488529106608 -0.1352847145607543 0.4542044672532296 0.6791134007348159 -0.26119645333530905 0.13972465628511926 -0.9341166656043707 
0.6404222177867146 0.4186138830836408 -0.5922071557315836 0.0812566855676613 0.08679266989189993 -0.23023522457823892 -0.7947972115791249 -0.5795722008923444 -0.6892385179168177 -0.017330087497055335 0.6174860196164524 -0.1401876385271184 0.5467422508811259 -0.35347049550475335 0.7379367658522722 -0.8434920798220542 -0.442952440603697 -0.369337020637324 0.19977013747285904 -0.00776750422846458 0.24010964475300092 -0.007705984439041025 -0.012713202314725563 0.3249392773170003 0.6393468035422166 -0.7803475535446229 0.7327718095028143 0.07607686081863814 0.9090460469381794 -0.921388363970529 0.16078308422091508 0.9913676657043898 -0.5458151805712735 0.5698051699018067 0.21935425950348952 -0.7392108916599246 0.21993074363150167 -0.18118926095737328 -0.28469261435095905 0.27755115967133875 -0.05211182954682036 0.3989484865240713 -0.33309492621979425 0.7845867504307356 0.14483303772559203 0.8086951856749693 0.4012976190756318 -0.25084666535965505 0.3654912007129115 -0.2649372210010857 -0.5200218721506773 0.156917496060933 0.16991479740649218 0.12203474444912797 0.9352421435946237 -0.9173535736061416 -0.5314679078401467 0.07782913998523161 0.4171760800780231 -0.20736428045869915 -0.8069088889019931 -0.12181893920489992 -0.9395684190900921 -0.4591675356125867 
-0.7820528498596275 0.682729228818866 0.38906257599190414 -0.6224777032314924 -0.6445618067603954 0.4548115494146703 0.09849750341750739 -0.4069751486449092 0.7653913753666706 -0.5521334403295496 0.37490800866336227 -0.33149826849496694 0.332240502880595 -0.12566746951665766 -0.857530536614992 0.6198451158098872 -0.27550532407516604 -0.6378436030393166 0.18006668654208857 0.7414951557352938 -0.11280156360152199 0.028996248842394046 -0.572645207499951 -0.42920443426132676 0.6171545819341637 -0.5628759930622779 -0.871447154644101 -0.8578844338002387 0.24018428814718948 0.6655885527579309 -0.3842158112225848 0.12035507502209815 0.2328328174932599 0.3308025951416544 -0.33151058173597825 0.21810513878104953 0.4947167932519987 0.3539604847491571 0.26060201827480745 0.34180424369100965 0.8313134264577408 0.31963116939092245 -0.30616926176342973 -0.7295375119851 0.173359206959252 -0.13393900253117405 0.7506500392551884 0.28540138826267125 0.6918486986104737 -0.6256770534077408 0.16321643706689648 0.09144420883908588 -0.4378750145970125 -0.27720214441884083 -0.27631815681695665 0.5698238981090435 0.3951160415417656 -0.6167149686513493 0.5940831124540733 0.1181070460478005 0.48720433236997024 0.3777123623799685 0.37743503108506943 0.4398808458746657 
-0.692537523293977 -0.4525334298099841 0.3069437241757444 -0.7315382871942745 0.43249025706632993 0.5489414640844223 -0.9053569619697168 0.5019790003067732 0.5132033784128777 -0.029102833645148537 -0.06820675780979935 -0.6992914800995752 0.2936570478518133 -0.6434901192426188 -0.6362082692437422 -0.5025676166428561 0.3712276146977949 0.06222590673710189 -0.3161023872998057 -0.8788132582455827 0.3745872147373497 0.0011887388334705928 0.11753284578239037 0.4884526476648554 -0.16740223799430254 0.12250384828907279 -0.09798898378069583 -0.7066796874628767 -0.875033649345041 -0.42724397199727593 -0.1387267972988815 0.4983957691043772 -0.45362239774869556 -0.7880757173490465 0.030327291393565724 -0.9169159794098262 0.38188179731054683 0.35121577299914203 0.2819491993851959 -0.03943717931294066 -0.36141080768459677 -0.17527856781765103 -0.6208787651691556 0.5689988979087455 0.07619009208803385 0.36273890774154993 -0.606031838176125 0.9576118647436327 0.2697983917145573 -0.5324829025175799 -0.3119090888011027 0.77490634819183 0.8091232055890178 0.3341334100666679 0.28895709190296137 0.23870834305859565 0.3462084504493641 0.4896876316528208 0.7125876884309922 -0.6541720782901124 -0.8095582503135655 0.3128503341188454 -0.7449485372905644 -0.7490237288291339 
-0.5955951538098072 -0.6347414163142833 0.2194652441171986 -0.5087192904672508 -0.8935582674904132 -0.8346016216667986 0.5183756658509415 0.04311314647471452 0.40996733562993404 -0.1067956587518564 0.44311626248911007 0.5790163659498397 0.056243919467490855 0.4858105930127909 -0.19761547590956252 0.9770396554641374 -0.4610102313573409 0.1389576255734933 -0.04014391354343994 -0.09013246022336133 -0.9753548966245937 0.20363012543868195 -0.09407907741333225 -0.9028753784404069 0.4598731922650763 0.7414238973181839 0.5631961411970803 0.18902007366876228 -0.40767269907109766 0.2339247694037938 0.9781425872555958 -0.9684881604582466 -0.5419779526527745 -0.709207603786956 0.6696828154426935 -0.36575354538268245 -0.7574506233251663 0.06000107384665171 -0.25086351690333947 0.8801262786465549 0.49851624738387096 -0.902294636477336 -0.856646837543142 0.8920306647604047 -0.10337949345418798 0.5711057393938483 -0.2825260933741944 0.7324289065469047 0.21856893599976915 -0.893304250000784 -0.3407934989505833 -0.6858243132512463 0.7472490363553002 -0.12209640364699494 0.02797242676935807 -0.9463526756124094 0.8977493006891046 -0.03126898285563495 0.03602243694364615 -0.37001829955438076 0.9680280786726307 -0.30873274409577367 0.63881335339692 -0.3119882392416741 
-0.7296208348834967 -0.17733704435735853 0.04996844303063419 -0.5606612006210865 0.524099076304426 -0.30338230361546054 -0.4984070592079929 0.8350360632440723 -0.5589906702187908 -0.7155873744956662 0.28200568172109425 0.616106067711385 0.7577835273145451 0.39729198109500075 0.09335287801202921 0.07729262250579136 0.11022948665775711 -0.6476766977156824 -0.8452093581472875 -0.44859661423475305 -0.04464220460457202 -0.14472684517555925 -0.3322938238338985 -0.5694047397189793 0.20518100340656506 -0.7001025640399999 -0.35088917636628925 0.117686264259891 0.7207960381538444 -0.6954612977614494 -0.6061499758900818 -0.6530840657316785 0.9510943980374763 0.35859378598615593 -0.1836006140765463 -0.6287307701570659 0.41141076816230565 -0.8875795133533262 0.48204571083317005 0.10361280693226169 -0.48252476171198466 -0.6376769183013935 -0.2754522088789211 -0.6745609748695478 -0.8544319552956258 0.5387985573813159 -0.05438140718654158 -0.0989247497051855 0.463064434413961 -0.4429827362035295 -0.5150215643850038 0.14621816942093374 0.2770620435759146 -0.7135377297079617 0.7577980798748932 0.9912539331580563 0.00774232665976908 -0.37143278842239513 0.9681999757252452 -0.3064111499573831 0.8989547339414 0.19968371299049514 -0.03874088103121198 -0.03301846600555747 
0.3017850631646986 0.7160817608130621 0.37587720387721113 0.1341163277888695 -0.5215489966197179 -0.2919440333894082 0.5144533802625141 -0.6350014206015171 -0.4388343071856847 0.9184010895764173 -0.1900362046424243 -0.5475093046185597 -0.6940811325716167 0.9980879704800508 -0.3170870656237274 0.948244022561986 -0.37097538864143353 0.33326049432340155 0.11801266034742577 0.882006982434946 -0.38217605411994787 0.11059965964776643 -0.8434314420121592 0.7381133965556952 0.6662264512560914 0.632316754157912 0.5502232244945839 0.7347638743425841 -0.265610906702174 0.44597229919044423 0.1882860487896309 0.15783200381805573 -0.20411005554793304 -0.4792141549641922 -0.83494045360528 -0.484791849579353 -0.2991533148676282 0.7916897318765744 -0.6632035133480723 0.06516914225093483 -0.9414514600263092 -0.46454114340357255 -0.24360508522768737 0.638944950845824 0.8063122299028733 0.5039802279191973 0.4850636512309605 0.340901678581462 -0.238313862543786 -0.39036348084346273 0.6504337933085103 -0.5220302842312791 0.6958562237313556 -0.5700744192133649 0.6179887786727536 0.8235995435734998 0.6146558105339066 -0.35729361646825875 0.3362168333356754 -0.004082475423474371 0.6597891763937199 0.8533612365108405 -0.43919987207273953 -0.09009324148695677 
-0.3937487513901119 0.06089110246240456 0.1550711943789374 0.5444214769584166 -0.16381655056715824 0.5220934774294258 -0.5514976483782077 -0.42128765642833865 -0.5389683705997255 0.03226481400027641 0.642450104449518 0.24091257369961794 0.841363933945561 -0.16745444113484242 -0.08977494111151563 -0.677969426464243 -0.7125246327687891 0.36053830918662605 0.28371660310197216 0.631689591383732 0.28140723355468267 -0.8391759465644497 0.8413570037317739 -0.2977864226135669 -0.8091992381258788 -0.17180898514502863 -0.6178827270845972 0.3730948497045896 -0.80259817521776 -0.7565139120163478 -0.11751766090371896 0.3914527097647522 0.625163688001312 0.4128586845236286 -0.20186423281014587 -0.4791755883471205 0.7379616960880268 -0.19348977176291676 -0.7042871901570157 0.03253903933498939 -0.7160571421769233 -0.9333969397182773 -0.6337229274841585 0.5709539943268664 0.12317405561472929 0.32171089345885456 -0.1767965070360067 -0.04734278168541847 -0.26376047120814233 -0.49902367679626336 -0.08686571148181266 0.28476087367159497 0.5513817772733001 -0.5067659939269218 -0.5181067311159235 0.41324657709377166 -0.31326549336290066 0.6663336692355973 0.20207230687874733 -0.5793754766522572 -0.4576337339706503 -0.18377437819380352 -0.25480574909395814 -0.9720513269736758 
0.5260172298845853 -0.027532414831415462 0.0184098698622118 -0.12126159190054965 0.20350515273611736 -0.3480493165223495 0.9662873900885679 -0.17122815345969566 0.34220187150477194 -0.42771333455474564 -0.05019330740457906 -0.6039046304470443 -0.33005291790343727 0.3733809604638659 0.1341968768132383 0.7991824293954657 0.5304160986747203 -0.6965141203872414 0.5877482234941933 0.4149146636456866 -0.4397608263527413 -0.3178850868355908 -0.19362273407603142 0.7864286300064456 -0.2873175335548389 0.4697981456092271 -0.574865029709917 -0.2730126165293343 0.83068427990428 -0.610443989441706 -0.5898042072126194 0.6063004611222659 0.8201301933155525 0.3272414742932659 0.385819445196935 0.13041371798726753 0.03608635270276431 0.7665377918947592 -0.5269480324751931 0.4163768968478165 0.5274059404744325 -0.3071206935348425 0.03226924539372365 -0.2882479451648643 0.5194120179562096 -0.164631957417213 0.06253142596016059 0.8284058912101797 -0.9356038292985176 -0.33854570216878294 0.4306542442677271 0.5936541202857559 0.4069545909043255 -0.4551823520436853 -0.8294278124257934 -0.8412804355603568 0.6310794411245078 0.034861295988682345 -0.08624746869375932 -0.05125488174767887 -0.8591547779874619 -0.11904366416115542 -0.8230995470477116 0.5232178956583462 
0.625439558739993 -0.1271648833880679 -0.3301173576022899 -0.012908840057746493 -0.539563929164601 -0.198847753180522 -0.6999037156974859 -0.24042095665316754 -0.6890392618303378 -0.11490061273249622 0.15615590722241607 0.2365203276953444 0.1784780177567923 -0.054259118283323575 -0.2520625434856256 0.6447077222675326 -0.12239541836639967 0.655155117036726 -0.7297606876501714 0.37278966138303954 0.2569228010931512 -0.39905110094869756 0.6952324687203295 0.8279124325018226 0.26467192881822266 -0.13913893994264703 0.06349974446910987 0.4469697143044531 -0.9653343246032198 -0.004877343210783629 -0.3904599332472716 0.7994181860689248 0.6447297748927436 -0.6434083005430504 -0.9214585203784937 0.1044619448993547 -0.048864776087942936 0.07459722399716073 -0.5793824630710925 0.9962079442582447 0.6894617929511465 -0.15573320978102953 0.2480086042970786 -0.40383062201254144 -0.8489255636726833 -0.8004414811007716 -0.8282075021694955 -0.6528309103930734 -0.5391681622489656 -0.2022220014196721 -0.7245801170164392 0.27209612339389194 0.530570739688067 0.15316744746307043 0.2422860580079529 0.6268017198499535 0.6482518715393978 -0.4763195851542123 0.5695161692257663 -0.2808864506237214 0.6209793882795716 0.07382504805362333 -0.4899235695683763 0.2473696778275094 
-0.0533630632536123 0.9487472828280622 -0.5058197538608376 0.7393212222159427 0.32713349787223517 -0.7163545671115203 -0.7903656753844033 0.6564722342774989 0.6398026028367543 -0.7589635286683628 0.7269986707240137 -0.12108121289160678 -0.6528673092382188 -0.3991255537166957 0.09759468732471405 0.5561755847197879 -0.6248155112049096 -0.40876139462042693 0.312599535827336 -0.16603527925837952 -0.9016584835646171 0.9561971157796205 0.02059539954712597 -0.049101954403309556 0.7843036287455252 0.03714492691863691 0.17650927739523925 -0.135252334322774 0.6433626950352744 -0.0601295418354757 -0.16366218407247457 -0.10744856281106197 0.28861387227038515 -0.9913569204381161 -0.6106384435006178 -0.37471416456292683 0.21916322218040735 0.6729742715772292 -0.21583972767921883 -0.22223775705355187 -0.08644689302976762 0.8353170998907989 -0.006637732009723861 -0.6821352624842104 -0.8177294961534293 0.8659348429871006 -0.22261711608832138 0.7557874862203598 0.5177061220418759 0.39447803603942777 0.22990703596996795 0.038534606974759175 -0.1132092497860393 0.4703108166848502 -0.11889292240242828 0.4166464174095207 -0.5545445068259134 -0.8773939743360668 0.5982132042372801 -0.5504024817426768 0.09927230122711946 -0.32943399882022134 -0.6099781714733077 0.057175062793022216 
0.20644909983197435 0.16622423369943742 -0.019409534702180986 -0.21557442021645934 -0.6200539779636207 -0.8996107697978446 0.7770982952523904 -0.8682485982941925 -0.436727195930239 -0.9854771505455762 -0.023964471770424378 0.4860816679479228 -0.0605343574054401 0.617695076311283 -0.06566444944031864 0.11743662947194596 0.37083248613328634 0.36770617792808147 0.6242761526739168 0.5721110258100112 0.7317274697983931 -0.7390020245623917 -0.5749311928283686 -0.01859050613275004 0.8917661409405144 0.9731704109025532 0.3219838995042059 -0.47034367537799815 -0.09295723611729466 0.9120522522219817 -0.38451659106143854 -0.9781693379692742 0.673405524825269 0.7257950161283706 0.6583483386095096 0.35328386340956053 0.2566828523074489 0.07945650442553731 0.8086143036948857 -0.45870254930401094 0.7893032114398311 0.011823778807880011 -0.6755351600810302 -0.25879505123340985 0.11320717168489625 0.07904096928164162 -0.31456711398691717 0.6672393151340998 0.17973646382659722 0.5087380103538302 -0.1518040158884231 -0.8376341694917571 0.5701526812201272 0.841083023359613 0.22926372614841872 -0.39829613097579897 0.45459643980235703 -0.11115545397404582 0.7405032020022184 0.24744794363266373 -0.4877925389478983 -0.18453081383414227 -0.12049032161597767 -0.8324254583837536 
0.4269515293097192 -0.8748506392716091 -0.970917354152848 0.1507031388730518 -0.7287516049861452 -0.05046448277089819 -0.1341123658502422 0.8048714895717373 0.25008569193960767 0.9277723737027461 0.4638022696011451 0.1433560159117244 -0.27326926395062046 -0.656762400384308 0.3911320837690535 0.12094883800346268 -0.5149161716988733 0.8703870856182401 -0.5651617645388549 -0.9392162472632625 -0.44272345888110354 -0.05406052346961211 0.3383192163631472 0.6974881155467152 0.4027278894959833 -0.3137507029480686 -0.9421841915769624 0.6346180728819673 0.7990553772733283 -0.3147375481697615 -0.13210456552949776 -0.7598897550376057 0.8556385742587161 0.5510057548718605 0.38486207578505494 0.061668494463694046 0.19423381123869057 0.3825384616152072 0.6151963077406228 -0.5940671672682002 -0.11393320179991895 -0.019261366418295678 -0.3306414908554667 0.12069887669076172 0.3164452551136876 0.3413325689397264 -0.8417254957215067 -0.10086373452115678 -0.45100616356254525 0.8282078163492914 0.970658513673256 -0.5421906891497219 -0.2699840402836643 0.06281962463420519 0.4397726565558549 0.4853603099450974 0.7605364357692559 0.06887294767769674 0.8066128555227338 0.994225677575068 0.8408194229371737 0.978266445112177 -0.8891666774883855 -0.4894860651084372 
0.5210534326534503 0.6958375478223457 -0.37959391836487644 0.6724516041081691 0.4024995920016924 0.5247905004374372 0.6895371005366817 -0.3139147841983281 -0.5910057127701759 -0.6771387126565024 0.33287009673785484 0.7444561797991469 0.34013484391136667 -0.36021296914912027 0.6468990427096196 0.1912420040630296 -0.34788980985341644 -0.890020551633847 0.583802294170068 -0.10681792458977903 -0.3007732252352434 -0.5970441455061649 0.4566061331840501 -0.002538584935710708 0.6353669685815049 -0.7132370132492567 -0.23441419696691898 -0.4239326690902614 0.013370035346663188 0.2959992444649464 0.39610262160937565 -0.7802257507776227 -0.20505013133507574 0.09487241878845842 -0.7829411323742268 0.9615188590240491 -0.03360010858631801 -0.8959075698360607 0.22486666688372425 0.8831406694979037 0.3140837817368936 0.7023526413935455 -0.6951689053943843 -0.4228683992571683 -0.06469717089377429 -0.8697725108866057 -0.9389119225409897 0.029460473872652715 0.12239208401815667 0.062204073796351914 0.7618163451169815 0.3913403371909652 -0.8601944737743237 -0.6470848942840894 -0.5725284669255568 0.027975870452155924 -0.33467796842052855 0.03862781525653816 0.08814191102858993 -0.7296293202759182 -0.3127136736064929 0.7432764373115055 -0.9199542684686504 -0.25402510866164296 
-0.5005074504471629 -0.982417249191991 -0.6953162598439198 0.32922151312283665 -0.7470141693053465 0.5517987496881673 0.37950685917181853 0.6017125390856644 -0.35557714911219307 0.898961319211809 -0.34486358218931523 -0.7793580331734601 0.06322289534306291 -0.4963841877177348 -0.3497242575175006 -0.12636538507991824 -0.1726054985399277 0.7582670996670379 -0.0859891241051663 0.16605920115095504 0.13335008574598625 0.014372359803462298 -0.3728295486348138 -0.13209879180318773 -0.6162514264978465 0.47537221949169584 -0.492045379826763 -0.5164811470794987 -0.5564379204395813 -0.4033312851950486 0.6942558880511034 -0.061932162866363494 -0.5224652171142516 -0.6912882421792345 0.810119594600336 -0.5355289433576781 0.031379787055239534 -0.33712402695210403 0.5953629257378388 -0.9265497353723136 0.6585443050567146 0.5295307880844495 -0.5199017477744943 0.3286233731461112 -0.241577923613336 0.4911511484306151 0.2932410900730643 0.24946152978021796 -0.2483643755111836 -0.9050913541418621 -0.09803896813612169 0.8087991786174862 -0.661002291308531 0.6253178948540243 0.06621153339784777 -0.25622498449424724 -0.962912773281425 0.639965187906982 -0.5338016657325017 -0.04742712409203076 -0.802312759797014 0.5955585211609844 -0.39929766821517126 -0.1749691640331144 
0.24188708471940445 -0.9937960530356544 -0.6881164953899593 -0.8351637448995125 0.5551091237268153 -0.8151191092177761 0.9958051215478169 0.8897100613024389 0.6305949689724428 0.46105988856439084 0.747796691845221 0.040241090170158506 0.4903928862167289 -0.617104651162846 0.05368187816778608 0.65226004409583 -0.5946405864476811 -0.7377656846433583 -0.9317266466751284 -0.2665473943630493 -0.7378503147869894 0.526967048749867 -0.2032239111251656 0.40979681535427076 -0.6800359854514012 0.25873709678551426 -0.4376117574612109 0.4843758892741288 -0.5086742420066176 -0.20643140186509695 -0.9900762103294534 -0.15946147253215642 0.49847419842987706 0.5564137262020021 0.7287198845189599 -0.39098392734946197 0.7676731859293204 0.49863685921985246 0.01880887745741631 0.22750102541647027 0.473184130272883 -0.41159552484041395 0.40472977431690454 0.8200861804545284 -0.5080967811954894 0.16135123686050099 0.40007330812100705 -0.3759885351043022 -0.2963134520781196 -0.9458170818512228 0.7397865950757241 0.3207457745733513 -0.6280666002592833 -0.4814887265424557 -0.5508499108238681 0.1652534192765993 0.32361890248619174 0.26505363376688335 0.25128913194510893 0.41019528699328595 -0.840177150605204 -0.4885401260343647 0.3580324674172519 0.6350733734601265 
-0.08100316041159349 -0.822469131963516 -0.14311674217328374 -0.5653665951596081 0.7754241293888603 -0.2930237818926178 -0.7473996587634927 -0.0984562992997946 -0.9960600194426917 -0.37582346316126786 0.21327438412547733 0.010130824537585525 0.12384475224622049 0.4774783936920663 0.42638650310112686 0.6435922467528404 -0.2796216316367396 0.7707188523213823 -0.3142349357054135 -0.2523520579370948 0.9020400099391412 0.34926910798789046 0.8755896404696735 -0.19021358533137006 0.1134043331561896 0.27895622724419544 -0.19786404376305053 0.048713496753083126 -0.09138498071794017 0.03517429873744432 -0.9244965099438373 0.676155910202631 -0.44482990742523143 -0.3944349354379111 0.264082007784029 -0.3145771794656482 -0.5130649969185608 -0.9683927121332385 -0.3408704671710483 0.29659365261643894 -0.8667008130298526 -0.24120969349350416 -0.6409364048494532 0.8121974104227848 0.1381878565232455 0.7445876675791739 -0.6359760099204467 -0.0013957373197456433 -0.443414296718801 0.39885211268480786 0.8231957025212597 -0.8193404015347135 -0.10903229811210857 0.04563676732087085 -0.18352901618484904 -0.9682342603820651 -0.012660577223144287 0.24124971256942415 -0.45557271246495085 0.12389872506446645 -0.02697851757872638 -0.4986393892949149 0.7109274224369466 0.5247323365420292 
-0.26351973150568564 -0.3360447009634886 0.7242334454828186 -0.7813773449934778 0.33337972110992053 0.08945644580585753 6.4988694596425E-4 0.6296376978677671 0.09914342200653538 -0.6065750811201345 0.22350749897457084 -0.11069495557502831 -0.23034113529068545 -0.9171912249731135 0.6924610366856698 0.3645082951733797 0.15851025339491268 0.05719669820385609 -0.4682453296807102 0.560077893384498 0.24015539786052076 0.08589583572035706 0.455872229676086 0.1712913741862862 0.30845588428973847 0.3097327246680164 -0.9147488010532836 0.03285882495481407 -0.32071987890620535 0.8979056405145984 -0.8178991093640253 -0.46916262892244864 -0.528156392041407 -0.6235651649926373 0.19055186476205532 -0.9326176678550011 0.15759817765185158 -0.537304070041519 0.3171503285415701 0.08439763532714092 0.9335165366852299 -0.044591715798823206 -0.13369032718714913 0.16879648165374822 -0.2671405305465331 -0.3643336057661289 0.3989013721822202 0.5908370052529175 -0.6705775352226055 0.1580961767320057 0.8895181849346527 0.8575091550982935 0.16009300636660362 -0.4476147011986006 -0.859493951743086 -0.6152004742344614 -0.6067117083134275 0.1876536227644507 0.7167200644251817 -0.16696689318542327 -0.6988214963321766 -0.477527963270233 0.7212635817027168 0.6900879134884087 
-0.1450511586690446 -0.008858473640184305 0.8816052647417465 -0.5845203628530251 0.04025574697696797 0.8593108313074893 -0.10297128996328925 0.41333996429625575 -0.8828466486393183 -0.29805712084352337 -0.6808139501734192 0.5161757033296464 -0.5959843114698431 -0.5823650207090755 -0.4344074683376751 -0.7597799304593131 -0.2035505896820732 0.517433470592927 -0.13723443044786848 -0.7573471704970934 -0.681590502042292 0.19906734703955772 -0.2411474675242371 -0.9498171917792821 0.9912563991886658 0.765478553537819 0.5124580785711266 -0.47381600953737385 -0.6129407095191117 0.5456173721933879 0.5965659744559875 -0.43726703598804667 -0.47235496869430527 -0.4643961888144325 -0.18463128716505073 0.2481225757926877 0.28499292795632947 0.6244996135067283 -0.09489402337636879 0.10983868394922808 0.3752725673920314 -0.530234175932493 0.3385028745955206 -0.03034209588448568 -0.7965033154489265 0.5488763999352555 -0.3458166470860451 0.38640703559436174 0.6533775878306769 -0.9061637620778051 -0.8157026674269541 -0.2908551306581539 0.9262581770953184 -0.25646993722802613 -0.7759119597301072 -0.51224678378626 -0.14901981941359024 -0.5926658382387637 0.285006103102866 -0.3914246594371922 0.23808958379998127 -0.923187620427594 -0.24793176499932493 0.8320403170323465 
0.7869084846006245 0.0522507808029146 0.08834510034499728 -0.07603966618599434 -0.12712128530016287 -0.07731773487569682 -0.5938747613980992 -0.49436712600631294 -0.23241989030380153 0.4117015462376523 -0.8118566382620771 0.19112935013491972 0.6942796782911274 -0.7484719245115588 -0.18471671378034293 0.644144175547594 0.7247447700756053 0.026131947608902206 0.423191142674485 -0.8429801032459266 0.03578202175900436 -0.3969403784928376 0.2784760792034546 -0.45567771103955385 -0.18017794505713328 -0.5878549324881518 -0.9147642722434375 -0.2454614154307888 -0.3678239419483337 -0.5231476624524081 -0.0019287379900426727 0.7848038863271829 0.5046744257770485 -0.27529723528213657 -0.15531558794906863 -0.6628900168772672 0.7584388221423768 -0.508755960562453 0.535643613239422 0.3278097229806147 -0.13222506171623238 0.7163078000114707 0.8136799750150272 -0.6042176372764038 -0.7639941215123782 0.16754922496655675 0.9195082123960299 -0.5001102122786661 0.898437742138603 0.12773148187776684 0.5971334469611866 0.1473435615253651 0.6418044002622308 0.3006577080763349 0.9349411070561201 -0.3875420656346915 0.3085413478855645 -0.20154606321917917 -0.8510735112644736 -0.5031298749075873 -0.01277225823206174 0.493576612801172 -0.17470063173582653 0.2341937095879091 
-0.2350827648443383 -0.21562628795966532 0.3720194265802761 0.3793329242711422 -0.004160064396766083 -0.08844100568111439 -0.5703940077947621 0.4270214917920836 0.42788502658497823 -0.48959022259827223 -0.7561439978584598 0.18007484116100803 0.7069838321435533 0.24080823550447547 -0.6029016492786847 -0.7566231285992271 -0.03299221329261589 0.29111903697872593 -0.05204968145779363 0.018589140729284213 0.8839356294577614 -0.210323329173974 -0.30525399498238714 -0.6435308411009877 -0.33208524418751023 0.3241016467012564 0.4098164905685038 0.3541048448057793 0.19628060846657663 -0.78073002774404 -0.5520223496029009 0.5177631369086306 0.9325711488055686 0.576752686525165 0.4882045496909919 -0.3255015527986498 0.2726021782965163 -0.4187889737796153 -0.5833165098315134 -0.23166896053788885 -0.3771501993054126 -0.755928043631621 0.4298134363844429 -0.5086546997247634 0.49002211302943977 -0.7934077571076843 -0.31205686981179936 0.3476345819296589 0.19297576610139322 -0.8725666687548204 0.10538472600799488 0.512575385400442 0.8486881391357475 -0.9502116658792185 -0.9612977559945108 0.3574513060746397 0.6646694604729934 0.1472515500073994 0.9198253702671437 -0.34729359207552435 -0.34334940082649235 0.9088144841067265 -0.11874574821568926 -0.2706382272767556 
-0.4018771774847291 -0.14899790923558132 -0.16647194337263604 -0.3327889931170127 0.15176392693181667 0.002436485690767043 0.47662693511461923 0.14321382915995856 0.4732918582271528 -0.921675695759697 0.19334060020281868 -0.09271854050012188 0.43308696063573926 -0.16239932591018622 0.10678359233882707 0.8051855080271207 -0.8847117238202777 0.4010630971652491 0.07229922281793318 -0.08603519514847657 0.5862599026245887 -0.2680366713077511 -0.22085097685964794 -0.5917868022023737 -0.003216980461378013 0.12594514595085674 0.4017768038918313 0.6465918503019376 0.4741401943892157 0.0105353299637177 0.34624536315995313 -0.4720324685527526 0.47677716133254977 0.059842811999520046 0.14764917267902777 0.5524190902457551 0.0968884005319175 -0.2567072346900962 -0.6715673214968072 -0.5128446166307697 0.8223841813248967 -0.24067369899254154 -0.09958125898491445 -0.1697436627053197 0.7711920966747001 0.1263024186142973 0.5319482154590348 -0.6078941636916837 -0.12209969890001637 0.3330855895091753 0.550884632667562 -0.46150855004167524 0.4130597393325046 -0.6681067027995474 0.674881531240653 0.6998614377903701 -0.22443653648472123 0.0309176211460111 -0.39235776593413846 0.062069273126613846 -0.4038653001298993 0.20803560878631855 0.900979963944013 0.09264846295395616 
0.18327761040434826 0.822734410293391 0.30766765495650716 -0.122342992203061 -0.2806724015104587 -0.3277860148105177 0.8517119901953604 -0.532233388417682 -0.6462935304306993 -0.1681181733598136 -0.062247929227365384 -0.23294692628934655 0.30597728346564934 -0.5739751203175253 -0.19730840458837862 0.42220168190948937 0.048846842993923056 -0.1640758342714566 0.30760066990147283 -0.33599143588615843 0.7806554921579002 0.8990191789745144 -0.683974139752735 -0.3189454378267194 -0.04181662554435728 0.48317645665490616 0.06946351737716058 -0.48043343618073564 -0.6850813636464776 -0.4620850927261428 0.3740836014950768 -0.7538670024729393 -0.1023532964888123 -0.3605862084796734 0.12064281084654938 -0.2247756416681298 0.5518697523627575 0.5446114068223387 0.2147708617584798 0.6183407396048561 0.5490940387031543 0.6965081826889936 0.46381844201711875 0.424555493932572 0.34269483814176804 0.9947917674415516 -0.09370566834510666 -0.42274473122834694 0.4411602608007187 0.6104419669883935 0.23517737573482836 0.3571114858370039 -0.007843097964648466 0.23039786265562678 0.36206645047241826 -0.8106963241499713 -0.8001609054157149 -0.7922416373179423 -0.05862252838602726 0.0378118552873421 0.14051738244697287 0.2903853190877686 -0.9553024882770481 0.29596401771622405 
-0.41634739730721954 -0.4640732477203984 -0.4364338910966158 0.9268987216151052 -0.08467870316393859 -0.8126774254430378 0.6350601759477292 0.5871690142496384 -0.31619231849410523 0.2874375604062515 -0.46671282659146446 -0.23683151418628443 0.3366356256115336 0.772816474362902 -0.4399190544899023 0.41656111267414725 -0.3455935007080333 0.26526077777458856 0.3939736367457089 0.14774197381392343 -0.2835192481316444 0.1388712379758575 0.36877758306844943 -0.22943567329729372 -0.8280123963304731 0.5436840224416609 -0.7658024036422867 -0.6973191992972236 -0.45475025656042795 0.8038060430023342 0.20155121603108372 -0.42955355378873905 0.7884656794806544 0.18921688972830794 -0.03134849160049581 0.14225123693640512 0.13384341102570488 -0.0395518579047675 -0.8149885622572697 -0.8902045535295431 -0.35642281539136733 0.54841767715883 -0.611455771252958 0.13444516269894746 0.937064526862599 0.41812585279545633 0.5363040513235868 -0.0950896604402534 0.6294750580503944 0.8953789870251229 -0.5224715536619801 0.322696292652483 0.47676356794483327 -0.14813414597313615 -0.18342969224989497 -0.33230871110222826 0.033230364033418454 -0.40811104908647056 0.027261427705002398 0.696957920226083 -0.7204700422507698 -0.6387684470582484 -0.21436872813103325 -0.8439138609110635 
0.815646604773666 -0.6244929158595434 -0.29819407772380446 0.3985744176778375 -0.07405386240780684 0.24499670779713598 0.3474056869328121 -0.44767726799068297 0.613520213486382 -0.3221071319914227 -0.8839084843721364 -0.019404670092970484 -0.445932355347535 -0.7879259368359264 0.647206908875704 0.594908102283621 0.21039064335759938 0.4349799979654343 0.8982242584546617 -0.23855466281428858 -0.7427947719585962 -0.8763556508920644 0.293840570878683 0.727785314468923 0.3619124639173203 0.004905797576069022 0.03377824129016238 0.3946072765633666 -0.38578255768847747 0.7130327672583052 -0.7418901545657638 -0.9522696832883228 0.5311582041471058 0.7844323125296836 0.5209941202031891 -0.15753376074486877 0.6813598724561089 0.008403558682858081 0.5611884640074498 0.09547630294324926 0.8774560232313203 -0.16102032749953196 -0.6013352653507722 0.1562132413900197 -0.830691113462434 0.17523650326913554 -0.5647560694418925 0.9661996986870302 0.0743790896762539 0.8504517390927453 -0.36571208257650745 -0.6458201008556606 -0.26253331514108985 0.11074931935885098 0.7655299246127067 -0.8158953077862651 0.21807933755017106 0.9076295399528249 0.628801209514702 -0.5087960395952766 0.8160379826283722 -0.16258014594771011 -0.5057471718103606 -0.6130484977226309 
0.48607371809416483 0.23295757357898297 0.5163428541218288 0.2783689631540513 -0.6153964434365852 0.15067027946801376 0.10170048357180617 0.09614146692196779 -0.6047185962281423 0.09764624458785846 -0.8245347388340042 -0.5799610099592033 -0.7062132659318477 0.03785637881344561 0.22032320337386363 0.046424438406461384 0.0845082966623156 0.9194929807020561 -0.10031026469445203 0.2454668822429143 0.3430326624247734 -0.10966879733674025 -0.015416176075814025 0.5802711313153842 0.8545707347019449 -0.10045780928537884 0.2910851970581048 -0.9684463248905019 -0.5472190018027814 0.15513411572043648 0.6970666909177957 -0.6545137055308685 -0.20157800739688644 0.7823310068659775 0.7953710071227695 -0.7603109995017147 -0.3597025593930146 -0.2874020071392262 0.823391378978588 -0.9254854694254564 0.02362175056721663 0.7507188171194857 -0.6181775367275595 -0.22418996134326563 0.5063245715069569 -0.17093027207982098 -0.34844297915088696 -0.23680629426682287 -0.017997998165160123 0.8161618721684122 0.9029547389588795 0.6284716471818116 0.8176817736098415 0.7260112134661597 0.5648639683137109 -0.7756149009886784 0.46765733330643755 0.04664890381774933 -0.9113856665324508 0.31213986124932047 0.09811807372976468 -0.03899367303770159 0.25096578632651434 0.6333542865091611 
0.329191299935266 0.5556371620919608 -0.8174756932485153 0.3626461587592821 0.17150441289460994 0.25997567884469563 0.43607131878523075 -0.17544705994144194 0.543517403025934 -0.28930485860204963 -0.680516517818463 0.7949642784159814 0.03908573878779453 -0.31517674541117036 -0.19698497692429728 -0.162550279933245 -0.30889407237318245 0.1285540380361414 -0.4215770321421384 0.06449865244057153 0.526448920588118 -0.3822620332168656 0.40109259687959925 -0.09989224631007548 -0.5815822998986904 -0.32130342748044466 0.5113953621281329 0.2645450303815928 -0.09306946741547417 0.4800166482198878 0.8882039947781163 -0.45562789550212374 -0.4953369303674614 0.7097349747532846 -0.6500286520472055 0.12755058136969327 -0.23678621505833572 0.9277262176764497 0.94098114545213 0.48940438385014473 0.7003156385664973 -0.1569934093040246 -0.7546926295503311 -0.6376507296619103 -0.4926094151716846 -0.6088553527456841 -0.6077169744078847 0.6538155848153031 -0.3853701698917813 -0.02207571532910302 -0.09404741460571389 -0.17218062578640225 -0.8348077884356646 0.8523796596954311 0.14187247648086915 -0.9177753298823622 -0.45797276688998395 -0.30652876401207063 -0.16247948706202817 -0.2849870062454662 0.4859654828340451 0.6838355679172046 0.46786257074520937 0.8614307255009008 
-0.11917488558853737 0.7756642048589049 -0.5455002129798665 0.664526078249945 0.7130511410976799 -0.19736521066704565 -0.35511000870037857 -0.4022221196846476 0.17154341771209536 -0.5466159582965548 -0.7205936819670997 -0.47296134025016023 -0.4453853475493693 0.0416711996217316 -0.6823261947097479 0.35365932229144326 0.04704219323092262 0.7506246443853202 0.0949463053556837 0.19144552739481746 -0.5204187708279899 0.4265529895581119 -0.19763633461240615 -0.14228137161668844 0.57592262616898 0.9781834603380856 0.38115592442660684 -0.03839715812974421 -0.7909219010052811 -0.2809642617691559 -0.6105000437570545 -0.12677506252815507 -0.3918921015804695 -0.855765816724201 0.6088441838095862 -0.9582729088572765 0.5580366754106723 -0.17251581466370802 0.4251058991341824 0.13022327974596884 -0.4128068042351858 0.12619343416201165 0.9585886424290934 0.20503727401762584 -0.7071724556700968 -0.22825488392620719 -0.6012099095319905 -0.1765529813222794 0.7663037637431702 -0.2603886221555435 0.4036561090329263 0.5749225849531258 -0.018253870781517054 0.7947526429178822 -0.7162446284700932 0.25456930129607536 -0.6573543541749536 -0.9404634477167879 -0.896565806544177 -0.19356117412887935 -0.21742187909904265 0.6368404453788016 0.3556046102689487 -0.9260701458621855 
0.8661977938958313 -0.08533160469827372 -0.39351381200653474 0.1433264426536779 -0.33481548468144573 0.1274158263994004 -0.0963580399229199 -0.04362588069976587 0.737116321337365 -0.27359497676173994 0.8367373071385517 0.4299518869358702 -0.7222437302299947 -0.6864209066773895 0.44625514106760245 -0.11682832497298436 -0.008215932720913192 0.8151326402516264 0.42333450671510564 0.45237449206460495 -0.8348666586840142 0.2995452305608717 -0.4281563386491615 -0.0826645008484393 0.8160292687589153 0.24261328185720074 -0.11184899638830906 -0.499755804735277 0.06716742132174888 0.9586106186095019 0.8476458968643319 0.10895603974394162 -0.3665698994030787 -0.16571105582064516 0.7637827045239827 0.18888195428608429 0.06086736708032764 0.9681707056546881 -0.04276571284972598 -0.3045226510810299 -0.01856517911971811 -0.9725372963309247 0.9643702049765072 -0.6111762143962668 -0.08576387783291417 0.8204328527714688 0.6781066305247208 0.012348915292357513 0.9274593273671625 -0.35866360707865674 -0.5071470210973529 -0.06166377814788529 0.1211386059148359 -0.7645706343349172 -0.14596695716842176 -0.8117162168600474 -0.4704396662607647 1.1701256997480661E-4 0.09163285490488127 0.4779151182593706 -0.4550356895754381 -0.15163360650689012 0.207034611546417 0.23331182175550058 
0.3568055016388652 -0.34547832739439477 0.84880495436024 0.9398835563918568 0.7619193078420332 0.21579539030984063 -0.37847384530349126 -0.4098217167516174 0.20453140638344097 0.3435221201796872 -0.36934986645249746 0.8883555905090287 0.6849147225037646 0.6000399403307027 -0.8214422456583361 0.38467294083643316 -0.4167620901087486 -0.24625887716295078 -0.34173013775192607 -0.3253231399730122 -0.19093904438239304 0.23227916272578852 -0.27892223420748335 0.8164573155427848 -0.2540148269195576 -0.28174787440657195 0.32511784844286273 -0.013309277743648925 0.8228862841048056 -0.14410156963204385 -0.23509091404842145 -0.6148862047898388 0.1333781735657016 -0.6499972950019226 -0.8235313854641437 0.004667536371343945 -0.9917216927368798 0.6983366945124839 0.9658553612659949 -0.7263250936654888 0.18124910344597 -0.837434572320546 0.573874142829017 0.4104703568366597 0.7388822661398121 -0.30206811189958105 0.06939359531519161 -0.7042758362352436 -0.7450990115606054 -0.6995123980038299 0.6056332561423838 0.6594175706475953 0.06256361831421713 -0.047219409189210734 -0.10378842291692145 -0.25916140602695964 -0.5672110852811022 -0.027517670090738126 -0.1011217938663933 0.5416955119794413 0.13053120560347237 0.07329727958676001 0.03874330802861797 -0.6876830472656276 
-0.5663060682786929 0.6181413318052909 0.22666287361921617 0.9194117232075723 -0.4624423512257331 0.8372465533694631 0.18849352974883585 0.7856018925189467 -0.2508649990405479 -0.3722975149034313 -0.5259452444224603 0.700777988421279 0.28971511405834316 -0.860758174247453 -0.2468033629802963 -0.7989926518154169 -0.6706483299499253 0.2955479940248964 0.5123783327474954 -0.466752304833005 -0.0201185653240728 -0.084450217377169 -0.9034790150548709 0.08887568457264589 0.0060445272451627036 -0.5156658293825758 0.77675808024671 -0.06979516042649525 -0.27760876242708915 -0.7436097903775736 -0.08318710207682734 -0.005420554334632233 0.028623146241549605 -0.15181577719320583 0.8355563050901889 -0.32574624167710853 -0.06823553940968075 0.6947247731087156 -0.26441124692574247 -0.6569671937982831 0.388610821872021 -0.35665623752493925 -0.20445840772611215 0.15158099879197273 -0.8445339813198433 0.7769407835496889 -0.7976651788812488 -0.19374811264361957 0.028238465449169445 0.1845223609622861 0.8788503969049082 -0.991052281805699 0.4899018922591624 0.32806795497904095 -0.02460796027090437 0.260765053451697 0.3402231955470616 -0.13288609508464616 0.29801457031857403 0.682011386923173 -0.2423121345915241 -0.8639058985200492 -0.7083893733408723 -0.30544447032261623 
0.6568221983863802 -0.2536840001891534 0.540052616745928 -0.060919735522630636 0.5245594917353628 0.16545574222139897 -0.24209484231073294 0.32709389750301915 0.11236060228566637 0.888415781550129 0.03613255857805298 0.4034283300287574 0.6608434041954611 0.7792820339023417 0.19757169229756114 0.21978489651748823 -0.12882372734005812 0.09046692101019745 -0.05940616493265538 -0.5524630117339714 -0.7081991590134353 0.5819495575735414 -0.01556003408414688 0.00656881474892218 -0.6205105519015967 0.5292880374608844 0.9380505309234299 -0.1596450225988555 0.6364492080030035 0.543732078063567 -0.5565144298447223 -0.053703314458158236 
0.04349436865908931 0.6523245558999053 -0.24042520065109896 0.23829798867722812 0.14898112949387476 0.2857381110236315 0.8148389900703471 0.07665117582257763 0.7033492760881864 -0.34779489587831014 0.33415834347457885 0.5851004990730153 0.8532736357358983 -0.707429407144815 0.22062396395683748 -0.4668801792559141 0.6842628409255288 -0.7594679662194427 -0.7026099714433536 -0.22979010534360791 -0.21630045320674338 -0.7735685357367073 0.33896460964713815 0.3056110414518522 -0.5651076479202812 0.5681623194533547 -0.522517095272635 0.3300731146212192 0.5247445310757086 0.49797103267382603 0.3049224175226591 0.6310392610413754 
0.22264783850561526 0.11239112188420397 -0.927945331460226 0.7105204846778159 0.6063619025311614 -0.22076388381017298 -0.30626219577055025 0.7166021579388295 -0.4069132188933292 0.31411116527367544 -0.6854317654314974 0.7661569301025677 0.03687980658309853 -0.06312338756647161 0.49336459414340683 -0.48936682791213915 0.8761647774922211 -0.13687629833395598 0.8121970654629078 -0.561530614848565 -0.0663531404211517 0.09175937650652854 -0.06993253372958923 0.7435713942221351 -0.5928873084239972 0.43355929691174055 0.03796274077627452 0.5501535972720553 -0.5697591299553657 0.40678230725084213 -0.2601122848553908 0.2784721313443852 
-0.2816325661605783 -0.9113887941180491 -0.5854470835223489 0.4159698876959911 0.5315322693144199 -0.8605388954230389 0.5717224002961839 -0.06544735688332586 -0.07870238235569081 -0.18693407057480338 0.4628776476734725 0.19488208822381417 -0.3177626011165376 0.2576199934784922 0.5473138141450615 -0.2583396697799001 -0.37221169568669854 0.1790264004454425 -0.4063365371076316 -0.8698395598833717 -2.0994658799522448E-4 -0.011213240776589839 0.4019764826115308 0.08142242584019732 -0.9752710663927529 0.5598668267510768 0.38901181007882585 -0.5427042175860624 0.5873258394599081 -0.4010268086347161 -0.21443115182811787 -0.713285650490231 
-0.23623836835261952 -0.2052713220621845 0.28218207113693033 0.9952150702432496 0.24633699471978518 0.07563270919056042 0.22020829609196713 -0.4834860516197663 0.3616020572696863 0.8716921170220004 -0.2713996041917709 -0.27220190781056264 0.5525135402255459 -0.595362836870963 -0.2606627655838851 0.17339616764605545 0.1978200388567315 0.680478824848961 0.9065125515939072 0.08306562157950724 -0.021935847893028354 0.2687458572708822 0.9475233789924975 -0.7187221859223829 -0.723653601227212 -0.47072113494289536 -0.7097656552664556 -0.41266118684872716 -0.5406168843172805 0.019036573110322474 0.20369224140145215 -0.608435984304939 0.3296184144502177 -0.7153046952220963 0.5959650313841653 -0.5350964982935709 -0.049942178099015 0.41966924930506466 0.1786644023983145 -0.6671761768116096 0.19509323565533476 0.42472127519814856 -0.23565591835916666 0.6635462099940505 -0.6576929111430952 0.5679228970025859 0.06796594141978726 0.7038241823342202 -0.8113468162263254 0.6519988180527287 0.7938457796385978 -0.5092974721505205 0.19025635350886783 -0.05525877165486194 -0.1743690973550629 0.06933570501583346 -0.4139390303547395 0.06133628804152927 -0.32975010683245776 -0.3407541445167823 -0.7141615689471525 -0.13317969226087456 0.2319569426664536 -0.7907864775937703 
-0.30746725673739905 -0.5421684663903059 0.9768035664558976 -0.8598474554106624 0.4827019296891204 -0.21091298138607723 -0.3761286098711787 0.9373991282556893 -0.2644393173347553 -0.50118689507676 0.20102272015993083 0.5313643889814396 -0.4012192534576353 -0.5140522706016829 0.472068401470871 -0.8585125135146872 -0.707575939048058 -0.7678017456485626 0.383048290409069 0.33996281690689606 -0.27742466013842915 -0.966624652271421 -0.4793753920342381 0.34301359377635415 -0.4317605528731949 0.495116749439803 0.8043902286028966 0.07160454640065494 0.629107520479798 -0.8134318325918245 0.5130752624005656 -0.8110335180570859 
0.5755068886572895 0.8532406650493285 0.7250288885289872 0.7102781407535507 
