NN-824.13
2
12
70
35
4
0.6198550185051901 -0.00843079937805502 0.09758111645943879 -0.757311775064425 -0.1009437580179472 0.1522734177395318 -0.18266110179070055 -0.795684053792938 0.8295852480102341 0.11027835862084617 0.13570021046870231 0.46104756198897273
-0.3088859813599357 -0.3297423902224695 0.4796335536086235 -0.2272926915674429 0.20409286689954875 0.5885921501944879 0.2563187790533856 0.2953843036593381 0.1394583213338405 0.03990981869623175 -0.3392066167542153 -0.6277608396988636
-0.9218363665596656 -0.4722771596847517 -0.7680679985251945 0.2602081080069298 0.25536201923903595 0.8614768120465719 -0.24027865730879563 -0.6158901284323984 -0.13607717434564193 -0.9909478232331816 0.9237129848539817 -0.1329021201424841
0.7221642091675995 0.050070330608212865 0.9887671811548256 -0.906939367495394 0.7421098067370172 0.09663841032097054 -0.027242231509774006 0.4632387791289381 0.035159895285670976 -0.287426248157034 -0.18076700252730607 -0.06845987413001123
0.35147293869757573 -0.337951009164632 -0.7303949672951642 -0.2741019225143142 -0.3131039630492729 -0.37831499081226155 -0.8970004533578598 -0.8322440021254849 0.5022339587587745 -0.7602199392955364 -0.6293627001208079 -0.8639303186444633
0.39002021930091163 0.26364042954295913 0.416812807593707 0.565514544897806 -0.03526748970946706 -0.7357789685632967 -0.0473993431777565 0.0882221102707248 -0.49292283582890073 0.4350257758847601 -0.1828015157624869 -0.027876368410160134
-0.7966327845386546 -0.8246036331590882 -0.6423424981064829 -0.905291947943613 0.5123851220432754 0.16984809661403677 -0.3022429203093091 -0.2731239605161373 -0.6315051933844156 -0.4597713913543981 -0.23987822909036546 -0.5462750102507621
-0.16471084176602563 -0.5644869160282245 -0.13611571189587512 0.9463352094431668 0.5820228303546351 -0.12487291332878758 -0.4412646076279567 -0.746153045985197 -0.5574295868248116 -0.6191334725871467 0.15001154133573816 0.8025635528076545
0.878672772348083 -0.10733195695811693 0.4620516073951013 0.34147260455676043 0.4141204545039848 -0.9228902045744114 0.37480096410901553 0.09723908458331719 0.8416596116693493 -0.4108049614926843 0.6505482426816072 0.06357946400616525
-0.6071827543837733 -0.33231642455270427 -0.6512696347057171 -0.8287285590974908 -0.13520561009312101 0.4641943568956934 0.029968738207994408 0.3393014534769893 -0.3888977971981277 -0.9763032088111332 -0.6433362358077106 -0.3752032541845313
-0.8583075512910902 0.7195179778081235 0.27881205175305884 -0.17387442782059323 0.4599652357638568 0.6109078014676746 0.04700290272586152 0.34374781802914 0.04272691142031756 0.6581256686984913 0.9959690469195119 0.44899976714717743
0.12902728827973348 0.4615967318371348 -0.5637443895019538 -0.271027226637316 -0.9379414002997468 -0.9700366100911848 -0.008492952499488116 0.783129188200024 0.21334668772187415 -0.11381993038312449 0.2606495299312153 -0.49784765443901313
-0.8491011110080862 0.4051892411941573 -0.35783025705376686 -0.47112273286836404 -0.6051894937272317 0.5659441503518612 -0.40272168907022043 0.6216676243394172 -0.9861533836264625 -0.1567100408765493 -0.9384463624444612 0.5630238062239497
-0.3149227568010342 0.12283699154615266 -0.9207603139605743 -0.04132877800206177 0.7651118823502349 0.7948217175057999 0.43839190036116316 -0.04466816524819177 0.8199909024567041 0.6697381275538294 0.29408830026548693 -0.5776103735701477
-0.1830284160086042 0.7107432298833671 -0.6530339936510459 0.04529725035070129 0.2386840294581303 -0.5272846837180962 -0.9987534442655023 0.13220060514150034 -0.985327402143243 -0.8553228048531678 -0.5035480526283673 -0.32923173355706653
-0.2420991985176269 0.15938008770087173 0.9329110490927139 0.5266076579798751 -0.46165569883628854 0.9383925521293284 0.10306519786571522 0.012810807105546952 0.11146412087270163 -0.016196956955462076 0.8736684118843006 -0.7841714506146372
0.7048786773260425 -0.9767376736201525 -0.6421588540175566 0.014619183807020576 -0.24025292226383976 -0.6391578280043853 -0.6296731021836267 0.6006535627225156 0.3686145198195163 -0.5996317128201967 -0.03232159768213937 -0.6053616427919207
0.7911265479787222 0.6688211416311469 0.7066426825871233 -0.928681643478255 -0.708282166971592 0.9962232471954456 0.9603478542488278 0.031016872908266706 -0.14177647851536623 0.22018711636411306 -0.3929575327008696 0.7144929469393257
0.21616536085664761 0.46857354389631056 0.7941752344097729 0.15599874505193756 -0.8618870854527408 0.475313436905498 -0.4041320970308295 0.19214477132347946 0.5985973738128261 0.566155010655063 -0.8810478417660323 0.47013434552124533
-0.7278637632308609 0.5209096416582468 -0.1009825763275854 0.026960933129444697 0.640487757348017 -0.9967303807899617 0.7886186445996366 -0.5771590700759455 -0.8916065777800887 -0.18719280258169319 0.9993160092688513 0.7154967474896526
0.036833088690858634 0.05540049550801933 -0.5090460862793726 -0.32795353075999994 -0.05975081466175508 -0.4472977176768659 0.9020452130128838 -0.8228986233599065 -0.9684865968527328 0.9840655997961115 0.6950913584488065 -0.0890736854748258
0.0014085695093726258 -0.6282701443959025 -0.6835875656062746 -0.2775701697648553 -0.9342952995106891 -0.4636503358335485 -0.6389053295929613 0.012661569013448153 0.17768901382622693 0.25181047731151707 -0.388951890567525 -0.2721500251299568
-0.10850593387394117 0.4169704915596519 -0.14935641393625462 -0.4081610910654772 -0.7174061706374423 0.47858335763297544 -0.26222445394065225 -0.048288789164037324 0.06782321861626521 0.988025672439318 -0.10481125418983006 0.16494769783287813
-0.9586880970494108 -0.36845344360944926 0.058501975946961625 0.856289487947426 -0.681513571828366 -0.2999181138461324 -0.06060610523315646 0.32379361884527097 -0.5285213858195983 -0.5145567424164103 0.2500737830926649 -0.21429013322781823
0.9511633973208693 0.28756900207373826 -0.3953844274342311 0.18699676647108482 -0.22927379613042823 -0.05143297256526691 -0.3884896870049379 0.6958484054543577 -0.21749455594268063 -0.9525456997815194 -0.11740469279863265 -0.4676605366952208
-0.4379173224548354 0.14994517483185876 0.11358735921394611 -0.5976570193083763 0.9024735395712122 -0.790328991251943 0.7948585477710739 0.1017359472791925 -0.3215857268235416 -0.011037189131078984 0.5282115195092394 -0.8475920252559398
0.8737837710489714 -0.5012841734084982 0.29017592612876325 0.10757984629271289 0.5443554168880416 -0.2993938893145748 0.1683038186148867 0.21905670198377436 0.6513594087524606 0.45454329988008474 -0.7312835847014306 0.13123785461673476
-0.9106082133180995 -0.40495957601665494 0.6338954501780216 0.16824018414841654 0.686604931638773 0.11770854852848592 -0.5099308164247799 -0.4593030238991187 -0.5556690607743158 -0.024559250640787678 0.12977850704233276 0.01042731874793746
0.806984229536378 0.45953402015413447 0.8789172446181839 0.7074331650236567 -0.009439588017956083 -0.49835300253884796 -0.7423743972109179 0.259110878452659 -0.16387406986067363 -0.6792920618745747 -0.5530715226317149 0.8160071856563444
0.7078260483364571 -0.008007906108808336 0.1329185406861625 -0.42359133155458173 -0.8380594556160709 -0.6242453397802499 0.8918506340785246 -0.4759832968626603 0.9761710968515118 0.5857675743782169 0.3926316692673321 0.16820063674059527
0.34964862735915625 0.9313682155277783 -0.5742346789869758 -0.30525548009347536 -0.4414886088337841 -0.8028418711634148 0.801186628376914 -0.13538591458844834 -0.5664631128355988 0.17635335580183426 0.3296554775868217 -0.7447395545846529
-0.24483536816838278 -0.043527416133466945 0.026317757669265907 -0.28872630335400207 0.6513702067843304 -0.9741781249931832 -0.30771007679460316 -0.1604780819175937 -0.465794316965856 0.5318743985516757 -0.932770555228704 0.660301868211266
-0.14946476452180726 0.28817630141977235 -0.5162340061356346 0.7998917090104871 -0.1960094435320856 -0.18317063976376896 0.4807414568315307 0.07589467512418258 0.4072200370064588 -0.7053661217768967 -0.681880699266765 -0.23031565215821984
0.9692360970523135 -0.7671233089910717 0.00294989234936216 -0.3793424578592066 -0.29424381008012856 0.7696045417722635 -0.37910209306785103 -0.35416363841916015 -0.42846179835497367 -0.9251660085863375 -0.457428401049485 -0.5112208167838902
-0.8623154883648388 0.3585978499724771 -0.04368879691586036 -0.4314343908266857 -0.8278468535895807 -0.7718681224636581 -0.7971422638989973 -0.09266131959677798 0.10794860809758902 0.6984383156238904 0.5384848449564279 -0.7852110764567231
-0.7036404377139761 0.5133267365191359 0.8326932956756417 -0.7134216329400764 -0.8635993324514116 -0.4731086660470721 0.06103642016639521 0.37729099321011916 -0.608490802985054 -0.7869941543855679 0.8695886416172539 -0.866242528782025
-0.5307165340277398 -0.04225649038645485 0.21385553330649065 -0.1941549341678495 0.1250809384950775 -0.14719269541215085 0.026785972127419296 0.17433094403585522 0.09984253633863083 0.61886937845962 0.4451239788064073 0.5896727025718261
-0.3719548970868104 -0.40563450414646274 -0.8432887779719933 0.4101778552733978 -0.23259710614764173 -0.014458017630412226 0.18865455921983518 0.4262283847645172 -0.7781072111596279 0.652823899192064 0.9353349955962025 -0.6199788396051584
-0.46016639598380055 0.5342836772999605 0.8187897841468219 0.4671659358049556 -0.266790440904086 -0.14516144769859868 0.23356852490515242 0.5897262331222929 0.5120489943184381 0.46741247176617895 -0.14007830088279727 0.6837607079021293
-0.7735597144910611 -0.06348281037756995 -0.8230880324250448 0.650199979569063 0.24073079053874866 -0.4534110771890088 -0.9847253818139861 0.3735361978449151 -0.8462784321566278 -0.6667601630202016 0.43295079448541496 -0.03091982548786042
-0.44287543746722013 0.6353201458755063 0.5135794730278312 0.2757421511683151 -0.895140631450343 0.22106237962993358 0.5711733420651937 -0.5533587948397398 0.03166838452786691 -0.6141210653124702 0.5028870786976892 -0.0809799446860497
-0.034357615352354834 0.6081583045824595 -0.2331995060618259 -0.3091440600123383 -0.14384887358259268 0.278897684287123 0.1370308755588014 0.4629623877901432 0.7419291815050888 0.618783289220642 0.30724466307896936 0.005209060590432018
0.35176949661058 -0.7417421381963056 0.5744587165105378 0.3257297780074162 -0.297899197582116 -0.7362820012266744 -0.3849224986720959 0.41013234508527685 0.7339159174027792 -0.3510997011955249 -0.6013078756152791 -0.29170366678950166
-0.4887183106007642 -0.04160159338952174 0.9484905816909095 0.5634516827796269 -0.037543158338069385 0.1970560911950321 0.4101494048036698 0.240441086595316 0.5817230402786853 -0.5783913489985111 0.695513120326194 0.2620933629957815
-0.9786470843861494 -0.8073823331752032 0.14562658131025843 0.8175198226697973 0.9365961477561474 -0.590956343256519 0.5245649012989141 -0.9248378520534042 5.962059920423743E-4 -0.1538642612738741 0.3140494875120068 -0.23147245024172827
-0.4607991474327412 -0.3396359838970514 0.5530820938572795 -0.40583374055106575 -0.46959721483387 0.5008791010084954 -0.34549774345159195 -0.06908284790907523 0.37284871681760234 -0.045399068690110435 0.7000721590195864 -0.5278798782958475
0.30631614079297415 -0.8801707639079077 0.4414810163896216 -0.2307962258092761 -0.0891487855695472 0.9630150525549143 -0.8542663888444099 0.5001115583947643 -0.25867938809137814 -0.3827827490331699 -0.41896217193651114 0.34175764625035265
0.04027512381577042 -0.9687572224232031 -0.5066792030323063 0.15501139047181267 0.6716232388021225 -0.020332683096097925 -0.042824248087963146 0.0015372143837446561 -0.7171632805842845 0.3581351873627743 0.016303733897261738 -0.6582504382636484
0.03556009420094938 -0.1151685156986495 0.8862210158498267 -0.338823497471048 -0.34728589546647926 0.499314034117328 -0.1168140084803474 0.1896887205769453 -0.3773593211093229 0.8083732858911633 0.8152286239966913 0.8571715716925137
-0.07937730114712598 -0.5774505924038545 0.21794040284439145 -0.025729249874347125 -0.5833099395478155 -0.23115999534412487 -0.22462694765249652 0.8792214244389953 -0.45582221871656653 -0.402217025718163 -0.03494929253915981 0.8981473159097091
0.42435637167980994 0.49401029751382686 -0.1370023352373704 -0.7479781318237174 -0.4901442403144011 -0.5876455416394079 -0.4913700476061933 -0.5895819255572573 -0.555879583066206 0.3224350479737394 -0.9742677508788606 -0.5515169244423401
-0.1612227757515543 0.527898293167644 -0.37107739125760086 -0.7694144766659415 0.1217398334461887 0.16291921574092974 0.2333136630965825 0.5354251319341581 0.9213676539064352 0.41850437448595873 0.35484980141197586 0.052002581671962554
0.6708081475255223 -0.1072329708181119 -0.36830075971373866 -0.5315140276099066 -0.6937760262168255 0.14643784917710811 0.08681257893483837 -0.49888975884900033 0.5001630149208854 -0.13399137796643126 0.46217952693364683 0.7124630901768545
0.034519935644393485 0.10781763229487586 0.03633791657428644 -0.6982113766009266 -0.5530122711590283 0.06263912607791844 -0.5868284889351005 0.4155553861648082 -0.3394064803770007 -0.11155699605059757 -0.5994803068663093 -0.2675832869419321
0.6675460371058559 0.8357987013648155 0.6023191315166828 0.5067874678309522 -0.1451827870348547 -0.22299426889967344 0.21643745405550638 0.47198446804291827 0.736844933803476 -0.19684245546451884 -0.982674078169107 -0.006025985351026275
0.3301218016988772 0.5275517728293535 0.9393902515340237 0.7755491931371409 -0.6390930213909457 -0.0021549499467734545 -0.324111566270187 0.13859905236921446 0.9312609966043472 -0.04569587737055612 -0.49551732964883677 -0.1255392913108068
-0.16989401846298832 0.10630168409752311 -0.8918684100871426 0.22422551012288414 -0.4433818238366552 0.085599450468041 0.970186051776968 0.5683782826283128 0.2130726441324476 -0.7333007849039437 0.9887207218342999 -0.8363043239753862
0.3970621614198002 -0.31933610032043913 -0.3212506119590146 0.6773199526373663 0.2569298926629836 0.14303885366684993 -0.03847689530550122 -0.05948928688248287 -0.857936489327976 0.1900169669394451 0.22608044287565043 -0.4316203846462539
-0.7860525325623122 0.44226518794154035 0.5658226430391324 -0.7849006132297826 -0.940612087676557 -0.7742609871666135 0.02987835835177755 0.2387041520287836 -0.6620518961419305 0.7336258274518721 -0.5198516529243699 0.2506537167607056
0.711692001901201 -0.9826660853465381 0.5236819592479767 0.7826038890039828 -0.11734626356705358 0.32580735736462124 0.4403935732186761 0.2928273845792093 0.2460187961170304 -0.04267581356280602 0.7210184572257928 -0.5302644232013429
-0.014455128471740686 0.5248500690766689 0.7085429792634229 -0.8187732174565021 0.21655286098828508 0.03322062161205741 -0.5565243079140337 -0.6235762177358318 -0.4327070501919617 -0.02881645132878563 -0.34449343314722203 0.259581221765191
0.3941741243081878 -0.73104287306301 0.003964051921560907 -0.6407903212945969 0.47970905721594775 -0.8500945027693986 0.15883168063396225 0.09458681413797687 -0.1286514443470801 -0.059453569946125676 0.45526826686327 -0.9744495940846872
0.03034831968965536 0.9757239812745933 -0.12355635345288007 0.7303746807847279 -0.030826746271863853 0.41481697354046815 0.30119124527964913 -0.4219520981165006 -0.3952217623912889 -0.1724591780652413 0.33121138629507996 -0.47557341380839285
-0.9645246299976913 -0.4925059036518316 0.310987049995993 0.4137643308593073 0.18941306134503266 0.4572013085197775 0.4747108511844142 -0.035754701978057274 -0.8965458631125639 0.22170477000534028 0.5411648222466495 0.5559133547475109
-0.6626573049652301 -0.27310143301586765 -0.5351326221288387 0.10612588167315684 -0.3187147079789885 0.012172759354232556 -0.5555831601417452 0.6692571421638485 0.7323423679327539 0.5398135524472687 -0.6792711382167136 -0.7489063770003556
-0.92310224991965 -0.35543987600034843 -0.8009264749834488 0.8925861198096243 -0.3708500595074558 0.9855225216566248 0.5976230122828976 -0.5887151388114998 -0.5337798334296288 -0.1767656904963344 0.6892172058849415 0.8501055332445155
-0.12574657992560576 0.684257144277665 -0.784999965636229 -0.4196277820014265 0.32512691312342146 -0.7522254461992974 0.1128254873715074 0.5271098209959031 -0.12248988325799626 -0.23080269090743527 -0.7843257311822185 -0.6923368876449075
0.3667159385232628 0.49752444991777833 -0.21211273670655756 0.8377724296114439 -0.10291061287911751 0.9922449074317834 0.9063670566945596 -0.051972667350337454 0.8217492621625694 0.5169652293882565 0.833530255262569 -0.3640431997202517
0.7086746617193411 -0.8403959897358675 0.5134687807887661 -0.06829236213685697 -0.06722418867072166 -0.25173076632516955 0.3913328946983935 0.23486370568341383 -0.28014598789457895 0.48214222947387914 -0.17746431845078148 -0.8792120625646722
-0.3772773517172269 0.905554017318938 0.03719040468706125 -0.8388267357519591 0.5598060979559891 -0.63014078189212 0.17960446505019043 -0.27151348968142014 -0.48008819616835746 -0.17145130006023596 0.5888127704367992 0.17630914851968182
0.4714433386615798 -0.5864895208506401 -0.36057374798647857 0.243076028897933 -0.46324751286366045 -0.5402318624401107 -0.5405649897225482 -0.4768274888960158 0.04785560450381589 -0.5702709917932444 0.22971588788676134 -0.5070590106171375 0.480040746375328 0.5433520034934195 0.7187721351646825 -0.48424436648875346 0.4903462964305727 -0.4131073066019496 0.6821461395346221 -0.21079291423455773 0.785844830713585 -0.7394025992023219 -0.4141477702876851 -0.776557202149877 -0.6680271634749209 0.8174237949165994 0.8776461003471454 0.12421991423826118 -0.22374057841165165 -0.1595661757193783 -0.06521988487503294 -0.42038354819322343 0.6005621616690585 -0.40306218346622086 0.5965518435177654 0.7107239124974303 0.7109883287873741 0.04512965936032293 -0.6666164318079344 -0.43837840552159385 -0.3229385231730374 -0.7093882383540149 -0.7055939580283608 -0.42597367506716294 0.11646839478671828 0.8252262644211448 0.030611887293152343 -0.3384698390488884 0.3706821656826139 0.991773471643365 -0.5941820173765687 -0.5367190362967698 -0.5369216173943782 -0.7147399828206084 -0.7163101377685313 -0.6250415375226466 0.31999636930761466 0.015777086182812778 -0.13416747882929564 0.7815712687452558 -0.8455858505753818 0.44750426912504304 -0.08305264070356844 -0.2517331143676083 -0.42882617434259296 0.5505931035458613 -0.4150228169109818 -0.07923860452788037 0.8538559242329778 0.1980236040499699
-0.3077366125287742 0.26778104732362107 -0.013385419091145755 0.022149871716624216 -0.02164505048733698 -0.6936198745898946 0.327008387669974 -0.4428169330401198 0.16753425261606805 0.5140906338702589 -0.93626097833731 0.5334901148201868 -0.35712472048311583 -0.2055488875923333 -0.3462183638481267 0.23112392445405708 0.2138817820644726 -0.04042212715101508 0.9280198387418946 0.8318287368307601 -0.32594222269366047 0.04188739479870653 -0.2547428034086898 0.8433070309848691 -0.699258247272877 -0.082710613933346 0.3724837495072574 0.3053175334677971 0.8901709561448902 0.37912772837569053 0.3460970096621821 -0.1156430670040248 0.5251032586564417 -0.23201177085912553 -0.32725371954117755 -0.4311619880718571 0.5683123981424034 -0.45782202386296433 -0.2783959567210118 -0.41706217379715693 0.9715739197776058 0.16644781712418721 -0.6979203809681106 -0.9844070813634437 0.7054100826161331 -0.1345103091850505 0.35699730615489855 -0.13020271025170752 0.5507014772287834 0.956895871602472 -0.43340839132848397 -0.8539385668616039 -0.1066252884004405 0.39281084517389686 0.6871060071934876 0.42176854349279946 0.8903053568725199 -0.3723404134994195 0.3954378683741873 0.5376541312355451 0.1895072615494655 0.8309746232931526 0.4206118831848993 0.410345732418267 0.28724204548727816 -0.1685817241613139 0.05857534724330607 -0.6432220596372953 0.1524769375508921 0.45407010385212254
-0.7128784631416488 -0.3308558359369654 0.7558877725585588 -0.1441723655963352 0.2846060298149099 -0.17251408430730988 -0.32560998555958953 -0.898008245055434 -0.058511657856918774 0.7002258599162503 0.15409050548800982 -0.8340447483848938 -0.6709468977227224 0.3456735143399903 -0.9759566361311057 0.5321621556484463 -0.16603061256189555 0.7809463926666294 -0.06470356856274363 -0.21284807946875794 -0.36283334549174956 -0.03334908287228668 0.40538439607551446 0.012414161620856401 0.37460928990215037 0.5654315914122682 -0.27533295238752586 0.13805681469175296 -0.553104493763815 -0.401892845606317 0.795576107076588 -0.5105275799088689 0.9160300067129816 -0.08572501676896116 0.27644233165968407 0.5484834788120808 -0.19504676259822062 0.1863960924694663 0.9924935678570962 0.003999162289023815 0.2329071228217697 -0.3648583550840994 0.13643159557181145 0.2769246279329476 0.12578462275738023 -0.09512212032502484 0.8172148934676422 -0.17081815370470657 -0.10986310120116506 -0.2653559324005068 -0.9680667660070555 -0.7386366952808133 -0.11865093945672832 0.3615051051300971 -0.12119289666942307 -0.3449380488162875 0.9533668910664823 -0.39658028054999417 -0.36200422369165963 0.14991825705306946 -0.3081942659954602 0.12449737657225146 0.020875367494312545 0.19141222433055075 0.1794345772734825 0.7751806676061638 0.09648169809324739 0.1402107778630983 -0.11106915186226425 0.03450542427257153
-0.7020810872020391 -0.27458076980213403 -0.0441951320703345 -0.9065429807994219 0.2839937260588595 0.6630319974984689 0.4254217087984129 -0.20557221420037952 0.49505546154599767 0.06377131771079292 -0.7377394866756528 -0.23005038040110024 -0.4491881423840693 -0.15028683552449795 -0.12461499223512579 0.18281396172535305 -0.21120791080211584 0.2657399426752162 0.7956674641615549 0.05790602677065461 -0.7679541366548723 0.2435518728608276 -0.8418707356030313 0.30810434749489096 0.19641159075402326 0.7154138963464959 -0.233891784417631 -0.6645754895209041 0.6581579415820393 -0.8382335447249585 0.6629764810953298 0.9447256094571668 -0.9852488368203329 -0.3105372432474498 0.27806187104902186 -0.11446131222898859 0.5328524928738365 -0.02405966485098933 0.06673269094791742 0.8277174852683382 -0.7030340516980915 0.47320482852264606 0.26791174670979323 0.38138868020873934 0.12959122319719424 -0.5016695473565433 0.9827694356278351 -0.9741941764183214 0.2554085562013046 -0.8720930856034976 0.14314504888481833 -0.17079432056738783 0.04093299215907087 -0.680770624376717 0.16529906808757328 -0.5958912557459568 0.23693288697595305 0.4388440340261851 -0.5667901241540068 0.24817241638726206 -0.20077364536194153 0.7295308218051864 0.3026311926368925 0.4693794441757059 0.061422629039647014 0.4330526893791448 0.5096768707399995 0.8081703645844784 -0.9736924692778884 -0.19760990902688552
0.014490124900827298 0.7485824650443451 -0.10377606584018184 -0.42560617706420967 0.20537816440639123 -0.01623769587699036 0.08248190517570392 -0.09800090181924206 0.17316356297558982 -0.9290885633708109 0.15924737840040093 0.6136087808464443 -0.2576928584171223 -0.4257306840123177 -0.22195896485642974 0.1957152716356767 -0.5092291183496526 -0.22395818260957534 -0.2542445063675564 -0.09002182162478889 -0.26983000583467825 0.6928759714063788 -0.9280655758163718 0.40267864934705533 0.3660851896457439 -0.755703690850188 -0.21608599616520602 0.3426214314208812 0.4100212473659462 0.7056261855523889 -0.07203864849107586 -0.8413777020313835 -0.19516154791319773 -0.2244444999717451 0.6246553832395768 0.3662438063129476 -0.014907073336488864 -0.6296606451328064 -0.6950299781768687 -0.7924743306137244 0.4190595609700843 -0.23976100895540317 0.05820534820997725 0.783969326456051 0.36591384428452534 -0.006495548829691069 0.4726618757152141 -0.15253134536156998 0.49590024186773585 -0.21830678135012654 0.5792372916600925 -0.48802593676994915 0.5790005223610926 0.9960832181661328 -0.2202213885508112 -0.7195522839365851 -0.3948023937073658 0.9206064718706182 0.3163505486023222 -0.86269921369684 0.8487232737366037 -0.697064293095958 0.562635780426234 0.5511843275186243 -0.3932174246770603 -0.19397316177682847 -0.43726859989888117 0.6986166467703117 -0.2661007055547739 0.7157480640249749
0.8934915371134458 0.6554889944827886 0.6081211304471091 -0.03093903474677501 -0.08066430599885667 0.10522778022272247 -0.590546427564637 -0.5384658677806243 -0.7083304730593414 0.544517630900837 -0.5598889379063243 0.339633050928207 -0.6817293054163176 0.4613246662895155 -0.67833486933583 -0.3919669081008601 -0.6093671583025984 -0.3260824309489352 -0.3918710828779626 -0.8569299272071405 -0.8615028458753707 -0.9314448398382147 0.5235841623244699 -0.092555410550403 0.674959320563104 -0.7644691442666499 0.3684965477612414 0.4518773284039217 -0.5331617138490652 -0.10264913783525373 0.7413214910064567 0.5368827568910244 -0.6460060968092123 -0.24033454578975086 0.4274951323836856 0.21192766720761275 -0.22038547807849795 0.187938912858184 0.5056075142713008 -0.11727395881822314 0.3497381089841263 -0.028899255153627696 0.4384723082660735 0.5562292994772259 0.002969689557908979 0.6852109329798616 -0.08064978687401084 -0.1487569271413556 -0.4276195599494427 0.6938306375717739 -0.32546487124673223 -0.9001795298608142 0.508032231419072 0.6619059578182716 0.4779061310564013 -0.20703819296529435 -0.4827956843688016 -0.7362598851833975 0.5088317332241084 -0.45109659868167573 -0.18105913513940938 -0.022745750993665603 0.8618906293867765 0.391138546493428 -0.4006756308210478 -0.2960274905706997 0.5371377970861881 0.924870043388335 -0.42616634806289255 -0.08161025455635992
0.3825937354848668 -0.9453009974153144 -0.3333698949241039 -0.20225990191727006 0.4863611037167997 0.0383627924881545 -0.2978314942651996 0.5670856698665361 -0.2879864040895945 -0.39058855373728263 0.1115342867558373 0.18403316229520583 0.6885578990834119 -0.5580715565597184 -0.8485004889362585 -0.9672512745167965 0.8852207930187885 0.4452726850248413 0.3474423691892382 0.7713650116592128 0.2796531767462453 -0.7739963810653993 0.13911648721964204 -0.8268320603714139 -0.6592350512733207 -0.6417120676040642 0.5247296315555833 -0.28932627801080096 -0.5737289707756446 -0.7286772627927103 -0.20987444691879895 -0.74865227373046 0.09596691056977558 -0.8828181334875527 0.36411867250033975 -0.7613707055142486 -0.1510738225610741 0.7258054491345448 0.7838035835952644 -0.16731689937653504 -0.7882227433467973 -0.32341582205170866 -0.8818589236744612 0.053545331008916806 0.020697851657625915 0.38379758560607424 0.03538093506036133 -0.6238123927880255 -0.3776603549424147 -0.7354498659178519 0.02421807885795835 0.5744077406324279 -0.22535446289261535 -0.32079471708217244 -0.4918395079333795 0.403065124134657 -0.47208871201337765 0.4678948272278354 -0.41817548941957383 -0.7270514387103238 0.7143314034142059 -0.7449720535596267 -0.7420455782024642 0.6075966064059065 0.4757017474968417 -0.6081295013758091 -0.07341947612310283 0.05931694603326332 0.37968674445720524 -0.6362753141799581
0.4416236760873628 -0.5043119128433597 0.09852777570249044 0.7741252314335818 -0.1257560570523819 0.06138945931979167 0.11450800390610993 0.24218523242636758 0.29076550368813964 -0.09910467980661104 -0.2950630453339486 -0.16098212838482354 0.4930428901535753 0.9663110001164783 -0.1569458839055563 0.1512786933701027 0.9409821860177536 -0.5531838113591055 0.6029452216848441 0.3812991469801647 -0.36256540204803245 0.23324314435485627 -0.6624807543249842 0.6574097086060009 -0.26258747917607206 0.5796779085327948 -0.3913940572754817 -0.08506812567214597 0.07251598028489759 0.1033842611662661 0.23226556956711492 0.4763125217397375 -0.8716389490857916 0.5820761438265689 0.4882832683622873 0.5411258290345498 -0.22356602840503698 0.6064575590973705 0.42092839628068884 0.7792468241277146 -0.9970927137853851 0.8887278042763691 0.15333365152419984 -0.25627198193879963 -0.3981523932869568 -0.5047601232729028 -0.11628433357609685 -0.339870724203511 -0.10132553185645302 0.33479772804579067 -0.83434482052532 0.17856323678860853 -0.5561927446256778 -0.5249268050385407 -0.4267121096118792 -0.8703338836983017 0.5799951935148776 0.8504892805769668 0.1439423829906082 -0.33713938796086396 -0.7482165921482307 -0.2627104250333987 -0.06689367142235714 0.8415075182044176 -0.11816272643804707 0.22525693186898552 -0.450233586823457 0.1847354465979354 -0.7696067337484207 0.6566507781673293
0.8537512335018904 -0.9290247041163185 0.17469402357164526 0.3801016981673169 -0.8689374838569093 0.0246295347720184 -0.8633548575842993 0.6344025188980125 0.18312117031294384 -0.24085363525197823 0.07418187452771266 0.42672795994808665 -0.599303087024345 0.345727342287183 -0.04607147284976562 -0.6585962786639038 0.8968950244847983 0.5332023259292836 0.08210508505382764 -0.7321294362297351 0.16724577463207674 0.2930446074642723 0.5150693387526648 -0.7744683932048926 0.7266557402852472 -0.923610499394517 -0.0797574957710059 0.991546906376173 0.16253057016621533 0.15330788820510655 -0.7665950740593938 0.38176312046484007 -0.6057219634272192 -0.05826422139501296 -0.09264666563871131 0.37198453842751816 -0.569055684395076 0.7912521201029192 0.6076331224340309 0.06122409258731311 0.2708680159384521 -0.5825009471802971 -0.9148225824350064 -0.4954394411059315 0.1199118808341536 0.8670203775483607 -0.7185846985293736 0.9321120366510909 0.2614312944610481 -0.2483149381872704 -0.27961118456646883 -0.03485756421360105 -0.8061930945210876 0.03404064604952494 -0.5081825908234667 -0.8563916527332833 -0.3970953202243313 0.36533717836822666 -0.16255891109106868 -0.9308460376120081 -0.5272321022224127 -0.29973108853332725 -0.9767075044437057 -0.016330212545351844 0.4972585329414777 -0.11139478149591868 0.462518362513884 0.3871214133605534 -0.4984696470008865 -0.5035164051072396
0.778118607711394 0.30341271947984605 0.5750320197758585 -0.4830665733985452 0.1910193006495496 -0.666357401821144 0.5240697274234632 0.29078368317951214 -0.5385902430529214 -0.43574178651329637 -0.6455362558751412 0.5040437315406816 0.4490797810565629 0.2518117335264684 0.0467932996208911 0.01880471424317487 -0.6069689414748778 0.8266312417429977 0.0033574906668908415 -0.0762817298031739 0.5810590855632113 0.5217523653946934 0.421334019429098 0.4314823897967304 -0.0813130819473211 -0.5831016585939717 0.7510894770869507 0.23027354270463873 0.9985464407003076 0.6557029959046521 0.47172130661407063 -0.5053899099841848 -0.26099879668257486 0.14775652130098993 -0.09879109897748517 -0.4459022880289146 -0.08325940787142906 0.10439798667358778 -0.11122972014351651 -0.41392027994439357 0.6579563232841535 -0.43788679727322927 -0.9108067214274405 0.5431832285927436 0.6208895750472065 -0.9619150752692194 0.20496679415193994 -0.2979330144076378 0.7091518033597379 -0.4293468079984639 -0.3536646351237449 -0.6106059251600896 -0.05312336546378782 -0.5871247360068101 -0.08953525925617256 -0.30917977173804323 0.7616529491135001 0.06366356912619775 0.26947482337604567 0.06575038278693762 0.09948379242734473 -0.7262306595889854 -0.06783744184347063 -0.3885849488566616 0.7084344599538028 -0.60927019376964 -0.631494456367627 0.7916237934875363 0.3715217990117431 0.5293733549067501
-0.8634146685866231 0.3731050690629543 0.33879332429847125 -0.7361565400998077 -0.4993659644280705 0.6295116334780289 0.6655393964752064 0.1441671631483966 0.8821065895782242 -0.6192714840782021 -0.19606262745519915 -0.9786524971820019 -0.6600092823087225 0.3166178842095907 0.7379112510166448 -0.08264232888823146 0.2805399251038344 0.7122720507022176 -0.3320487821337122 0.8284344368957295 0.708434161142092 0.4183372682955796 0.7985092075955196 -0.8353882864460384 0.7178165695906786 0.6749106591005085 -0.3522200098624566 -0.30663915343557535 -0.6749699137853509 -0.8565177578016911 0.06565993252981621 0.5069941493104498 -0.08152522596902201 0.17765352295917558 -0.3374880545109664 -0.6552058841516272 -0.45426496851227893 -0.8373963952544939 0.04191821085364155 0.02420017704555466 -0.40632889853279913 0.45654378123312345 -0.06302576391600923 -0.700998505960816 -0.7629719883300776 -0.7391447809559186 0.355018528159721 0.9391903321356005 0.30062295020797647 -0.7019068827445792 0.31653054583788265 -0.18604104318721684 -0.3925679772018063 0.7345553734480051 0.4771111572682559 0.9024286762164327 0.10255363235957193 -0.35775924120428915 -0.13802926382393063 -0.2678571866614382 -0.0754088496430278 0.5830141592014629 0.7310837034914774 -0.37729223028806597 -0.3808047703685791 -0.6889578445513573 0.4841897614317819 -0.39327056586831044 -0.5414076596983669 -0.13789890103157615
-0.9331646618483733 0.31150015782650725 -0.25056980720070465 0.45631894481152735 0.698594118447932 -0.4042889231147576 0.6944472412937375 0.5815004953769408 -0.19449900445295976 0.730823250923763 0.4119609975974476 0.06200774614106619 -0.9087588199546699 -0.5998433924925792 -0.3449377224184016 -0.07299947940155307 0.4116188389555108 -0.8882800652035313 0.7407337597100808 0.19017090715291557 -0.6151932219134535 -0.7077453414834175 -0.34764540474904115 0.48898727293300714 -0.6607340188658464 0.8596024447880344 -0.3154905173480063 0.30792706326781305 0.6288465586726699 0.691861558868013 0.6641157532579728 -0.49619769014572274 -0.030413896647665875 -0.29767177498240127 -0.21223882435412933 -0.6594783692505505 0.4011563703886659 0.9279754784867363 -0.0728791274331947 -0.18204013623006532 -0.728561193931271 0.2852946943758883 0.6024247087662924 0.0024255486677908647 0.37567564866523856 -0.7540175825603576 0.7713505671019338 -0.7361623061348411 0.9895536377458146 0.033374038658440866 0.12186569267461038 -0.6274972057748559 0.4565195616322504 0.5083122896741008 0.8140977594630487 -0.20715125854989744 0.03270645963292594 -0.11329762230896241 0.5279523656317678 0.7692874143283756 0.5532789434801224 -0.622978931099022 0.02350687612609148 -0.49581390750379506 -0.8787249073548035 -0.5289288212203078 0.4959211973224127 0.6863658661297698 0.3480366951551174 -0.8569371142988363
-0.7398727915465888 0.9563879098056864 0.6366975286276432 0.7143539889899818 -0.9650543092424873 0.3061393173465578 -0.542077670263808 -0.6227193950336993 0.3430719237624309 -0.14653737062511826 0.6467807080003295 0.2075105776410856 -0.5904195330878951 -0.4400763445032384 0.49448418170474173 -0.36069632475945373 -0.053898738096076676 -0.7526782016036822 0.6178021923009018 0.34619253993187865 0.7510593121461955 -0.7610095083991596 0.4672846860136169 0.07132218649271205 -0.1270510081777918 0.5018733958561179 -0.08290301061417907 -0.6958336111219665 0.17039545306504306 0.40494782709752547 0.9639702125604082 0.09693378944379767 0.6135041787531963 -0.04444634651477797 0.5903147792681998 -0.21259000143728543 0.6994750749037939 0.6754369911285666 0.3634714884214338 0.9331934079560207 -0.017304316986093804 -0.817584814412095 0.38340488516388344 -0.35556795119406037 0.5191746021618048 0.31036675902585875 -0.5422855259374391 0.22889106557315125 0.0960489334029382 0.05347928958419943 0.6161168780854185 0.0818744203220501 -0.056611945763010894 -0.42002139348617085 -0.5755475540908377 -0.985669483864976 0.0692251961281274 -0.15655563090505092 -0.3067568441706114 -0.18575047743857293 -0.9560170903648189 0.9701942224702411 0.18815696342250143 0.0977345047897576 0.6527814928640534 0.8025318778831844 0.530813998715891 0.3098908348524012 -0.019217670539779297 -0.06069622785768425
0.7356079816654191 0.49185223800331107 -0.5339657261634168 -0.6622852312670631 0.5344418465570105 0.6269704625887911 -0.7165484789066925 0.5554545447253642 0.6080032435726819 0.7782726336071139 0.580051430601159 -0.6697571759222256 -0.22846784031028125 -0.3538661080143645 0.5296491690489076 0.29431353095400725 -0.11703304898083067 -0.5615070246688572 -0.20377438574909945 -0.8564468994198918 -0.40207287304904327 0.7260679591275305 0.02800644156975478 -0.022585688353190414 0.19072990455748018 -0.6319836632852619 -0.27096819834371044 -0.0921533255031161 -0.3074438289601323 -0.33368041324831244 0.25027600688634566 0.6001571350053648 -0.9545583584168974 -0.4488229749111222 -0.08340713681963921 -0.24879400786089373 -0.47739872041375353 0.005078451624516811 0.8411506669556178 0.6058811319860388 -0.059589078039171815 -0.12953038141662052 0.768779962029486 0.9928329362508403 0.16633672157328294 0.34739973802288726 -0.01340975832766309 -0.2436884267362468 0.7258559346984315 0.07647797494948973 0.18631568618600447 0.22867963412431536 0.5673002215333485 -0.8038215062277808 0.8755429657828852 -0.6811894571549785 0.8040961337495663 0.9803909826960606 -0.5743462872948568 -0.3007801808866547 0.19929772330120718 0.16746549192638271 0.11488529657446156 0.6411580899464884 -0.55399852001033 0.28266137557649684 0.020745359305648203 0.32552401434910433 -0.5332305252740227 -0.6001974353515833
-0.09853445631689728 -0.530934873808825 -0.8080983473004837 -0.721198666339395 0.2851454098471526 -0.41673387692857133 0.24670398662536352 -0.442950538442598 -0.06973058899675355 0.3845974838095556 0.9706826519600784 0.2890506314806611 -0.3159102253350141 0.7494774249562363 0.023582169041695005 -0.9316540923083181 -0.7646321077616349 -0.9307499178804804 -0.4531841602627014 -0.3763605130339932 -0.26859415098332606 0.5162164728861224 -0.5878819429512421 -0.45550715167518674 -0.8312863842035908 -0.8986815645956467 -0.3238890910376441 0.5187407513791589 -0.7504494446292229 -0.994340161696752 0.32312969215373355 -0.7156469193477134 -0.2711320301335378 0.23719198054338753 0.7643860915387419 -0.043837268954052364 -0.17811199152534093 0.9682202886325931 -0.5022670075916844 -0.49676119973718563 0.5866247194760853 0.048693672804307475 -0.570507365666587 -0.14309914114402267 0.77609674481866 -0.8406669966701148 -0.396062680903845 0.6267391024680264 -0.16305216601483755 -3.776717718304456E-4 0.7747146582130424 0.35027290532539695 -0.29201686112600905 0.6890782095599688 0.31494173160016836 -0.17433796527734102 -0.26445025031406133 0.29024782999599846 -0.7141139121987228 -0.6226619048527815 0.5712191803646183 0.28217960065030323 0.6946284920564398 -0.27743826814807093 -0.7733105699091991 -0.3199344601859903 0.49241555716174257 -0.6469791798439443 -0.7438927960512809 0.545060423839257
-0.8539281845924163 -0.922149136816266 -0.16845464472612873 -0.4021928764075226 -0.625738165221151 0.4688591700062458 -0.29180525148376635 -0.8565371910336594 -0.2970572757574053 0.7077514378845093 0.2914664360061864 0.029968319847672342 0.6963221064588861 0.8736755227125442 0.12910129217542965 0.15954781906028628 -0.49406231237794046 -0.01753933316982749 -0.45064206640192933 0.3061260467671827 -0.19953761258992225 -0.21710859840641095 0.20694778280282763 0.43341861020774824 -0.02882050576435491 0.5141540954184654 0.4690970908733558 0.4995193074015137 0.5026811965619281 0.6471461055784309 0.7587545498106665 0.04972017466154277 0.7657659717820988 -0.5672106744249944 -0.8031503947227864 -0.2785469918217249 -0.6840146336215915 0.6369709697147905 0.7552373464084117 0.17436372958429958 -0.26074329021908493 -0.5693862797396382 -0.22271851820534236 0.4077515599229182 0.5514729178320186 0.4589170071474481 -0.35678158705452456 -0.27655325021649924 -0.07699585801190095 0.6337937573103748 0.7945529758478463 0.5089448507981742 -0.20873176618257117 -0.147444457370175 0.6714508930657881 -0.5445891976516781 -0.5925996834550455 -0.2714999883163729 -0.012678567974801718 -0.05466772664573873 0.21285516064442633 0.3358130474651042 0.6827906891657838 0.07106449265907902 0.8711412453281028 -0.3513506773965895 -0.22836098172844904 0.7098673934015308 -0.6820202007740263 0.3975536906416106
0.04248765807047092 0.1611801155047259 0.4940424300578751 -0.1429192167450723 0.12440863062552893 -0.13954887179609776 0.908153106129666 0.5140981237161547 0.7577726334199018 0.5759547364741346 0.35350589922510806 -0.41932905518563174 -0.3060351482422175 0.7489402901832374 0.2129456720080667 0.8363938239003808 0.23746673961140313 0.45049673818624203 0.027491187544854925 0.11973138384045848 0.46895209648534486 0.405483814246201 0.9972650948143071 -0.44621595193763974 0.1908864444275629 -0.6434362661858376 -0.5299831178567684 0.5109879004776859 -0.6022625623404587 0.36581439371241975 0.7926993121472918 0.35619325250360545 -0.13854449553205206 0.36264365708721397 0.15738785599330685 -0.008019025057694551 -0.025378275499970737 0.5261071277341896 -0.7349864737946641 -0.18608473486423818 0.23241763612739227 0.5110104154544534 0.9351269868725162 -0.3299676891194629 -0.9572449864973618 -0.004711081283892762 0.5873802660981335 -0.28544947717278263 -0.10165815591712635 -0.46007599575900027 0.04177662215754596 0.9906202579354826 -0.8086493893237854 0.5175498778700156 0.7220884058120447 0.8565210253744021 -0.7068111713345373 -0.4476603957155252 0.6231153306168504 0.7110375104474075 0.17243351414169825 -0.296722031926866 -0.6754824895118058 -0.6020956792993772 -0.3220803374963714 0.09170132736760338 0.8081735915059832 -0.022685962121912342 -0.6258507775023119 0.5302294466999392
0.27940035293293636 -0.15615616192961038 -0.30823853215264435 0.5280781538307953 0.3067654706114059 0.7566830084173279 0.44270912001398105 -0.45181179528435045 -0.9003395972915906 -0.36957030338557467 0.6207348143486394 0.23556712835191806 -0.20945834829296595 -0.7671506862882382 0.6005840937265188 0.051862542214266706 0.8152294626796873 0.09604195714965538 0.3360323909408083 -0.3443631495737248 -0.5901443405037519 0.7511685043272056 -0.9129295621256182 0.3603191337023371 0.407180717904989 -0.8513187015012991 0.5440036059272566 0.6212890036917855 -0.4749111202631594 0.6924597870227412 0.32708000415152705 0.6308310431580813 0.5069534226794112 0.27210699744299455 -0.406740293421447 -0.32386979857608444 0.19955244477946366 0.4898837028591345 -0.8830335382716427 0.05980369277485734 0.33367555439836394 -0.5875442296375809 -0.24267487045587544 0.027590253077240036 -0.0909932633841628 0.5871034524813855 0.7463081791196874 -0.07285980300914682 -0.26663872872828454 0.09604553962033814 0.21590072534559154 -0.14218404032763202 0.08352457765597499 0.7605102636000379 0.3749980328166549 0.23504867850415814 -0.5091146732403847 0.6312343948056902 0.257313483846743 -0.775019821846219 -0.32577923016192023 -0.1986602145277135 -0.3986558521301282 -0.7658733443790211 0.34992725783115985 0.14299947986598494 0.35551784689111604 0.08341005003142139 -0.3701816231937087 0.018370335157627767
0.9319767545439717 0.6391546392176086 -0.545777377862531 0.5366870514587595 0.5389052377870587 0.23212157059822075 0.11172459609726687 -0.11760947317250449 -0.977159734571333 0.5825211343029795 0.5505853938648649 -0.6022753967263137 -0.9350945991156119 -0.9979180773992411 -0.07969087513359235 0.08988841255546814 0.6334444304335759 0.13891452036059532 -0.21067089243692205 -0.5903148865014678 0.5566531085099639 0.06203294857440284 0.6838487621408793 0.8738673990218258 0.08899633943563429 0.5227555011821328 0.03433742404691161 -0.7711501385575419 -0.8174206288951726 -0.10956154229203285 0.6893054454161529 -0.5760437506445815 0.02028596385857813 -0.5420522879459422 0.9135372694150992 0.9436291305257742 -0.5649182424505517 0.39471286897520297 -0.43209361055948114 0.9255801391151128 0.023921435876133573 0.38209154005827606 0.5132472679962377 -0.4457095163505302 -0.14707404091972087 0.4676218455672607 0.5626963341476705 0.5255931434046046 0.47185541961292543 0.5368584512034725 0.9945602614855564 -0.8004744029053036 -0.34390566871538364 0.14989655039992766 -0.4497561170042869 -0.7581185560106759 -0.7337925677815884 -0.41548026732586607 -0.5098061151852149 -0.3621005516690422 -0.846033658882037 0.10671933298025985 -0.9067286336814878 0.13750824804149306 -0.5516311200218567 0.9607099815168625 0.064170214591319 -0.29430156792144874 -0.46257687219739757 -0.37591957553337085
-0.8289038839074303 0.14040347027606503 0.5489065206929371 -0.058954974674497174 0.30795443512278536 -0.3165636316149572 0.4291964261961819 -0.8012178273160757 0.4145428158650375 0.22956371122772504 -0.20841377260508842 -0.45068110995301686 0.7644413634361797 0.5075285109570548 0.8168678142524848 0.3350261454036764 0.7422189744193057 0.2846838283441407 0.023526147701290467 0.7283753226747728 0.25393581704888263 0.9819197375690125 0.5715046647837791 -0.29563786310306406 -0.4642311863973371 0.7270646588684799 -0.5758882024393368 -0.5482330446596727 -0.3112897590983288 0.2769719346275481 -0.014706888598725737 -0.804285922336537 0.8194102721468983 -0.34893281659281444 -0.5584990239501935 0.2751131852938581 -0.10326010499776772 0.6543633654163512 0.2411744281128224 -0.5770229640556264 -0.09082847869945228 0.15204197217667134 -0.44657773869799616 -0.7716332932481689 0.4311187226135448 0.34577657019491753 0.3066786159610013 -0.8777589589963415 -0.14967206597612392 0.49401287296873453 0.5948110510944011 0.10232398883326191 -0.16361599197892973 -0.5178788441397603 0.6973493515151294 0.6776064803308389 -0.07656520778773762 -0.04421106096350358 -0.2764147002610091 0.43394856805610554 -0.42735992456541133 -0.9196070172671421 0.34957152581010903 -0.7169798288478451 -0.609573448361435 0.9532608095733416 0.4805720311334939 -0.7025048206076708 -0.7185011711185215 0.341056329510004
0.08536692572550042 0.3147564480898254 0.1736425946136232 -0.45940745739178396 0.9541489715586186 0.18761151060649514 -0.28339563090329295 -0.6810833307263301 0.5120779431061389 0.8775518169785776 -0.0676280290919143 0.03573905151727895 0.38703642161815327 0.4052553992821252 0.957312457243785 0.32550550727732697 -0.94885509212614 -0.7551785060140245 -0.3726018762243552 0.8416005079666902 -0.519638755605105 -0.8333408766057839 -0.49673276698824576 0.27428297679371494 -0.5226782987766778 0.25321057931168495 -0.06312437101784239 -0.5640902661707053 -0.14321497975916178 0.22486464457489794 0.0984604690703312 -0.35531220380957107 0.8431470264583351 -0.3607072386431675 0.6347237499304719 -0.5195102285598091 -0.024003403163484583 0.5571541652274568 -0.5406190844036629 0.03273790558941414 -0.24929963373636174 0.13777908070164704 0.5165936815806909 -0.24041827962577672 0.4030631354168816 -0.7265402228832554 -0.7270071206025743 0.7787441435471962 0.7187269069092572 0.6666880626525138 -0.5705668271379469 0.1349907055143622 -0.5850763838071006 0.8089956563562563 0.6581695072590311 -0.46405050293989486 0.6689391374620461 0.4998304401439493 -0.46444055604746876 0.4913841379561917 0.26041416326689665 0.8943564092566562 -0.173383389871562 0.5937478178174017 0.5347682127188061 0.8386646940826197 -0.04242323982012963 -0.39358199130199095 0.8734967569553226 0.642350646236871
-0.1010103748208909 -0.5998574091055933 0.10570818952622722 0.6356193730637429 0.6179327094723089 0.16437756255452238 0.7261148496074665 0.3002492924925826 -0.8266579769299641 -0.6335573854322657 -0.8001055790603606 -0.8556339216868177 0.9733676458815944 0.21663963654142 0.5610377684778909 0.17020514311923662 0.3685598526593439 -0.6463657935512871 -0.264561881548779 0.4434437578649281 0.7543954499297131 -0.9110422953617253 -0.38944529470162675 -0.021486677664399156 0.36843664949646093 -0.04719854883933516 -0.6602707321021031 -0.4992451563600817 0.9395843177280061 -0.4622728088496108 0.12558832015341284 0.0323494370411894 0.8945861855021492 0.20393857633416967 0.6813689529658861 -0.5788855231939378 -0.10329089174443395 0.47163275202641874 0.6413010389251278 -0.6733578014317085 -0.39712168741745546 0.2865119980673074 0.11558123053854524 -0.5887691069218977 -0.5944975055383461 0.05459139966358742 -0.18910085507432134 0.5204231659166648 0.5334492388274312 0.10428891401537187 0.7300218557362079 0.26013543045985965 0.33879477359204446 0.21845496940189757 0.9850370857769627 -0.6135964099768834 0.47668955976757604 0.16513272300282308 -0.8835549289055031 -0.334711887451057 -0.18318379614470393 0.9802237876942304 0.04199038030555283 -0.5706182256340988 0.535719610075519 0.985167018103145 0.6560447124492694 -0.19782518129694637 0.4156745364390691 -0.09743049535009352
0.8316621814335619 -0.862161554235785 -0.5146524032347576 0.30568678322704756 -0.4824058550772599 -0.8196153678725627 -0.05935711550581124 0.31216795524607777 0.11626285249682379 0.5859428549431936 -0.9651895624325217 -0.24081849917267117 0.7080780659157402 0.5741456211966424 -0.09069704673648153 0.029897803204710804 0.8377920987340288 -0.7696359687843174 0.21136658741767753 0.22234421030621893 0.680680216403812 -0.5585546028064674 -0.8038764099927255 0.02945735348629519 -0.2538451919812477 -0.0035270430810129543 0.0633787268725421 -0.7934902748204626 -0.4688378216670104 -0.6742468906126597 -0.6789087626420824 -0.8226163131576123 -0.7477991287670633 -0.23744452001156613 -0.8541709296437833 -0.20688868577677647 0.8828287135541428 0.6287612816532611 -0.9331723739114002 -0.36771467965686677 -0.21025744785365982 0.8442976719174128 0.029160486069520607 -0.7274026745939676 -0.21529996064352713 -0.38561930547825635 0.9233250986435447 -0.9893794002489944 -0.7274591665515893 -0.07251718659381251 0.07166013449157863 0.0429733541954759 -0.6208370524674893 -0.4416024474708981 -0.6930117479522597 0.2931424915951265 -0.6914795446155383 -0.5159791700127876 0.24281607268701388 -0.04302176377112389 -0.680157420410155 0.38758898071495773 -0.42877887846430096 -0.8860005498806723 -0.02401735814346484 0.5520131017096923 -0.3849458856721211 0.26915804912076124 0.6519216914778673 0.062224258217416464
-0.5960238081834343 -0.013776343934088576 0.012815501992667233 0.8180478898758938 0.08190800405626683 -0.7803491318022382 -0.35359621842283223 -0.45195730897802205 -0.5846289199318706 0.8266527418201524 -0.5157626100194248 0.8732545786325291 -0.28856300691657866 0.1607855331372563 0.7426581822896783 -0.7415109845496719 0.426767964808937 -0.07450298611232754 -0.2409018099256634 -0.9196634455784034 -0.5225133339423101 0.07462548342574568 0.19265643714286262 -0.18988401538322758 0.5228156900007701 -0.42103472883002246 -0.2736977401416537 -0.08218616312690791 0.34245082912385105 0.41117103605104544 0.05541156850101901 -0.3908638649768086 -0.8735727802903113 0.2076130326016521 -0.8141252849810641 0.09220610708933236 -0.0195203798506815 -0.8865277159361468 -0.8630152107072642 -0.3619323616063783 0.5402453887061072 -0.11432819242180256 -0.545529181717971 -0.45153453346320327 -0.36904464118034064 -0.5825688503951004 -0.7246362148823839 0.23164170761269331 -0.13228778719660667 -0.19448388675449857 -0.8552663123387642 0.05858843675287839 -0.019919264715437812 -0.786723983661343 -0.8902270542260416 0.33605010262630614 -0.06138806295872186 0.9061753000275752 0.4876553811832751 0.9487781701878 0.3597455058218917 0.9400577381588455 0.5933208561403922 0.22237397070459286 0.3997090018564188 -0.10409371059835171 0.9620556672981402 -0.0770792576235792 -0.3250912413562175 0.6955496668721475
-0.15335674420606804 -0.7217703883622076 0.931793274484122 -0.461191839753317 0.733451284778623 -0.9922946807372889 0.22919844046784243 -0.6893134713896414 -0.5160205830341048 -0.779125597773503 0.861902201953803 0.0916237599909775 -0.795515465966147 0.6439121977601698 0.48052223168886554 0.7637938299293446 -0.4540731180253479 -0.6520404597421632 -0.46627586290850753 0.6021639004900322 -0.7099473567197142 -0.3487060510186111 -0.9828295010467566 0.38007540105133764 0.5757990655867632 -0.35140745152271635 -0.3810367544490103 -0.4603099256304436 0.5536958779638131 -0.19558993290068466 0.7143054843200386 0.28752402384100934 0.18553672912480995 -0.3268471524263986 -0.034262467272793515 0.11794779245747844 -0.4664770916270353 0.6454752902285368 0.31732116603011856 -0.16738546746257477 -0.560895098424541 -0.7945651637659387 0.6062218119211695 0.5627923657610556 -0.3318409763509591 0.8490818154467582 -0.47831868291503465 0.20692521490700644 -0.29198893309995866 0.48920696636322497 0.08576977367136304 0.2871920696438485 -0.10564049475283596 0.5945433122743329 0.24169322231254042 0.28398664718250766 -0.26673899319319644 0.32379092477665405 -0.13889074862485432 0.3645038337141271 -0.34416272987317137 0.9994646977562611 0.7354087095479466 0.3658274608035381 -0.41827631582134955 -0.04940570240607063 0.9625535517633063 0.3993899781048326 -0.3162333248736897 0.6468778346564434
-0.8593875936288583 0.4804504460491061 -0.6362016993867605 -0.277154683384083 0.06499882155349755 -0.3364193919742857 0.26805452514510164 0.766357902244664 0.5041441567144721 0.9929117311031116 -0.3767566796202106 0.3645457022964197 0.3939805984451108 0.72258632430058 0.19863848238013768 -0.8305005117920786 0.5625795420517481 -0.2641179658955861 -0.2928021361080357 -0.0950655343588585 -0.4403793220570614 0.07794107550335459 -0.292541849500076 0.03906207593747929 0.9650608928607104 -0.4520221946867608 -0.4979845876977081 0.3325209884309006 0.8299708147520917 0.05106936428257047 0.7439474414115542 0.9816220940363154 0.7035680232366904 -0.0424862155629752 -0.10305455208514402 0.18004095760788608 -0.6295078796965516 0.20807483704231677 0.8156335669489515 0.10252292336989537 -0.34591086256337644 -0.03390249706175672 0.31736259027702035 -0.9593909550593684 -0.5485014678841005 0.7029154169446247 0.877514644757435 -0.35301908105924995 0.22645374314987976 0.11688703539122303 0.3535020874998572 -0.8090811018859511 0.22446914710143995 -0.6102660308623651 -0.5416157370949235 0.47072512934724586 0.7380610320980578 -0.07869559635357071 -0.7891793406041677 0.3204085254692439 0.3996979077210231 0.2723218999747025 -0.5062137114929067 -0.20610982334857722 0.3946142750275826 -0.23161043413878027 0.5116838512252636 -0.6534107825908233 0.2809637672734385 0.7104265125195824
0.05687689061411343 -0.14654107508779596 -0.4391319780016718 0.39815812978260756 0.5496474648327696 -0.03615160477853108 -0.8540966662362312 -0.24120431737015302 0.09121427031571085 0.28899994333541007 -0.36549326296185186 0.12246118723448683 0.4061246294465286 0.48458636942444516 0.001742791497041214 -0.20825897042157648 0.2661448677291145 -0.5999980925614392 0.576741004233219 -0.2876741282291101 0.27845957134956656 -0.039206102519988545 -0.5525709869613469 0.29040745857094946 0.11626509417540898 0.45255224575439096 -0.30569469910461833 -0.7089260019344786 0.6531546328224158 0.10231634912522745 0.1875855928679789 -0.6774317082818084 -0.519242732709919 0.805847951233604 0.5196329938012181 0.428542347268594 0.10422039459255406 -0.1221681511430645 0.024927595641919254 -0.9232798105038545 0.9946579513959001 -0.21193462793911155 -0.9217343096763236 -0.9910845551889307 -0.06864048983545692 -0.577567497352636 0.3902666608472216 -0.3514784569730367 -0.6551087646209395 -0.4314616558267595 -0.7739156236421355 0.9463775326524245 0.24281130263698514 -0.15107628021220945 0.18464839627900476 -0.35059598505418044 0.24896027194915274 -0.79494432104848 -0.577432427905375 0.692781308364167 -0.5865039042237367 -0.5861172501355929 0.5132474038075544 0.25682581187483106 -0.38471376270841273 0.08147333985096522 -0.4274313316201876 -0.2138411004106145 0.48015038499119145 0.9480956823748513
0.9942477625389136 0.4516058039367078 -0.3906501176095245 0.7684023379926415 -0.257009267156538 0.7309137056282401 -0.46434186597109695 -0.29847475903860066 0.23792226040971692 -0.4319036424105434 0.43951464199328694 -0.27298583181854247 0.4347855328378529 0.21980134890345715 0.535087536501831 0.05622808514692979 0.030558943289345435 0.1780529028633131 0.5771326303282656 0.884511919739222 0.33541344737863954 -0.9059659040271193 0.7898348474566911 0.4349476039125352 -0.1262012037796616 -0.4214772532923232 0.9517028331188446 0.937662680172587 0.7935865390232474 0.2850208069608212 0.7873867289309513 -0.5246077813980609 0.3572463307223775 -0.264063856989968 -0.24993077927057022 -0.8250723212025433 -0.08967934426497808 0.803408686930529 -0.3877913871562263 0.7852801686201967 -0.4234321327796729 -0.8817865228760569 -0.7663630339085198 -0.08302473549067324 -0.37324560447155103 0.05183219358163644 0.37469730534202933 -0.9597438497767192 0.5700568071796901 0.3383961412551134 0.26530279799650236 0.9811195710459175 0.24837009816185157 -0.6248917977313047 -0.45258838182339656 0.5139591059099428 0.11265541284525464 -0.6701429864238504 -0.54607887149471 0.9322446636891384 -0.1650183943350608 -0.5109885514668581 -0.3424916103962317 -0.19635255610635954 -0.4426302755732077 -0.10711788703307892 0.2719196482613552 0.4749326871612283 0.7323503848498972 0.5000319721479003
0.4028911836421248 0.3528925211625353 0.2584292730689599 0.9843428373660613 -0.03676613523834746 -0.710135591028645 -0.6247384473853309 0.16313706732852332 0.27226498463187176 -0.06823674294311743 0.09083168446244796 0.19585870840705444 -0.005865959863758965 -0.5455080166522815 -0.010769462538388286 -0.3038480786184037 0.5081395123115229 0.0666450883341233 -0.5273846015336339 0.102518413733611 -0.25171770322780695 0.11828087353351237 -0.04691123642540129 0.5396890587683909 0.781018856286614 -0.6898601345568426 0.1018868921633671 0.0023455767855275218 -0.6363649864088435 -0.16774863028517745 -0.47443750858784683 0.41561162563325876 0.0013966943485677228 -0.3460331095752424 -0.4697501315604943 0.36122935405013024 0.5954445844078271 -0.12341390678756455 0.5589235665459549 -0.3471001103168998 0.2776577998699014 0.06677975412677761 0.2069753751733896 -0.284633439435205 -0.08314822801608668 -0.24380819308947133 0.4282544660519595 0.039074846190059936 0.4491632541009625 -0.30612812377676635 -0.9181781487469287 0.7303875782972812 -0.7489248498273264 -0.11482572541649465 -0.7829947640917445 0.9580853128186089 0.012468558542254884 -0.9303153978962415 0.47923705606773326 -0.07862260537309688 -0.9081419379946454 0.028129429610903256 -0.779358317640687 0.24626668709007982 -0.6080033087497584 0.40559611865087075 0.1782505724671723 -0.22864493076890546 -0.3973823289465806 0.4758565553494354
-0.369990107468829 -0.6841392653653989 0.23975026156141807 -0.5442235056960636 0.40811931473145524 -0.13913393501935745 -0.035239852719334705 -0.22655592904866276 -0.9987306569123466 0.5830495336941441 -0.888604405374988 0.7307074353028036 -0.45588710754270284 0.27678694094334977 0.9256270577520569 -0.971506558572393 -0.8965133477121885 0.32084905686804477 -0.5636889809130037 0.9458021505549412 0.1437633735249012 0.22029045861999064 0.17762291604535496 0.10983624203962672 0.5721599831707576 0.22743585151811196 -0.21972666570074337 -0.6080852334294432 0.16559961432531622 0.6213553174063852 -0.6893370028263628 0.9564883386329941 -0.3421857864611413 -0.31747555728194776 -0.7836836423473317 -0.47622451424625956 -0.8552817746283347 0.17856916252295288 -0.23780257809870844 0.8988661423919533 -0.7900652099584963 1.1213850508377159E-4 0.45619094427193846 0.258711220312065 -0.1507043640440197 -0.3499835367433671 0.24028042269017988 -0.46769883218130986 -0.8184238292135283 -0.5401516746715872 0.9493805387417795 -0.4202292117528083 -0.8820710506878398 0.8903645350471947 -0.5443071328221833 -0.03358028738236435 -0.46245229716834674 0.04618175485520145 -0.47865108648313404 0.5666205479773927 -0.2685802596797626 0.36911588401354445 0.27918790056139886 0.20112040409940662 -0.18529581592558997 0.43572275751977796 -0.16236629974953026 0.6232214260381453 0.14387580268573572 0.5867343029828549
0.44004089214831854 0.3729316658258394 0.800512996168272 0.604539598058333 -0.9682228442098848 0.6769633548741316 0.09742825244372681 -0.8143639779528911 -0.41345312701215525 -0.777616537110883 0.4316925808422587 -0.5269537399783201 -0.7084089101669631 -0.3771015250031656 -0.5626969513304346 -0.3682500416554233 0.18246815818750184 0.7414057499274149 -0.45211192073331047 7.301063323367218E-5 -0.1054872180661044 -0.3520599259491044 0.5251884821652302 -0.31587733632572323 -0.46766280726050813 0.33004162618450017 -0.8038147903171471 -0.1113002515124121 -0.08958382948190881 -0.14121650138138261 0.5702753094886729 0.4276476458825502 0.2883822499523776 -0.3658147027204888 0.5248807083516582 0.4096903845445079 0.8584020064986873 0.5681407288074951 0.9423837651708606 -0.44187954030689225 -0.47809414223173613 0.8215721493773516 -0.07516972804780292 -0.4126412849811105 -0.8152599818512758 0.28744054885502796 0.7475898139824133 -0.7045562697964219 0.1266917944332027 -0.31614786242706977 0.5756249337084591 0.11131933776792402 0.10568105750240298 0.4686300985796113 -0.2328008633768363 -0.25615441173393266 -0.49792386552780915 0.05175096208095653 -0.32368115718937696 0.9535853689439205 -0.5534356387730183 0.3142537656707498 -0.876333712005147 -0.7798796801449578 0.3246401944916027 -0.01978928713681742 -0.22902808776395162 -0.4592606587474358 0.9217980817066624 -0.8539618848906926
0.2514160282160016 0.5910423226651734 -0.9881978151556667 -0.6483083962792295 0.7327905342592417 -0.12138421897537631 0.0677404165300529 0.17389348876430658 -0.11841088004038096 0.37610289337062586 0.8869698951301817 0.7846127943368338 -0.696117138081108 0.2650623027391769 0.7570334699162597 -0.6299931000474042 -0.9431354884219056 -0.031633989750165584 0.8326446557859392 -0.30398705981906504 -0.44721786434619415 0.3699195145559328 0.24395203783285013 -0.5888087335145773 -0.06900241924980156 0.321353304161297 0.10147799065270849 0.05227757731264157 0.6708723408408143 0.8713714364986793 -0.4055334185024702 0.7494972787564773 0.2579915336156259 -0.16361199479236974 -0.630545809455219 0.18757852799681698 0.5040583686019852 0.37678171398659727 0.19710694382827032 0.10134791661295024 0.6246511554449978 0.045671977485523874 0.4423744579181844 0.9364475980331434 -0.6608819743089869 -0.5223915794807465 0.6994589109425686 -0.2618496893393255 -0.32916997254343594 0.43177135370894165 0.8961281565267248 0.06462879589225237 -0.6774575994003809 -0.09592887063511708 -0.12829075445384985 -0.457307672621422 0.6751166807991065 0.19439090336013143 -0.30838744065434587 0.5463682858900483 0.9430063237110058 0.5348165759403436 -0.13137959404723162 -0.14254312543481407 -0.3939156799455994 0.12392088202678386 -0.05695209284747338 -0.25015227393814243 -0.8253443384920811 0.08392726748113666
-0.5659391403538284 -0.48891593589283994 0.5083757754496977 0.0676539659917495 0.129313636369203 -0.9542861730894198 -0.805830635627076 -0.8161951079631344 0.8652584371119207 -0.9022944536698916 -0.07172945964498104 0.014594635933010115 0.15850580134286388 -0.5376600272507401 0.9467659844165817 0.9634252304823028 -0.39614522388450446 0.17129002012706968 0.6042674958423666 0.43710180474659355 0.3737991454321508 -0.6537673073165283 0.5404551620579878 -0.75347420228202 0.406819798312974 -0.6912457142248682 0.769111432906539 0.6835262648109757 -0.2473428601967424 -0.8808736116119598 0.5861975121719942 0.6094920493430379 -0.11584476002198307 -0.43837021067605175 -0.44880698271365693 0.9488194378709832 0.8420691824593733 0.0794640489438123 0.2175105702200507 -0.36302864524391265 0.7759659085852337 0.2700001267055081 -0.1976600285745284 0.2560015058233834 0.6530680154589084 0.4870786149729131 0.6227866397318038 -0.36731575296217595 0.09507141367343186 0.7922701131009352 -0.8842039803105337 -0.22244160141962116 -0.4161632698419839 0.5291453181395156 0.8752479140421177 0.25872436123847176 0.3290115943856399 -0.060269269620903294 0.7858827987900117 -0.5591711621735522 -0.6837003830070592 -0.11227352276381795 0.4829024200827676 -0.692693565742794 0.11044420183799541 -0.08135369739734018 0.2250034506061013 -0.5478847197173553 -0.5911260091963964 0.17524406979458046
0.3074662535825945 0.003947047139586414 0.6692341130149599 0.8227255246473542 -0.1699105038829689 -0.6712822678772498 -0.2660910988307937 -0.1821030061125015 0.7342650951920598 -0.6153783318875191 0.5673170411801238 0.03641557405615938 0.1907679849161732 -0.7807918305827111 -0.02967649155290791 0.17163601713492405 0.8859142636963305 -0.7327609698554736 -0.22504468386563 0.09285894272294337 0.47764118451828214 -0.42585121689687866 0.8084494426504643 -0.2996382688775556 -0.5110018336943493 -0.8310146862591052 0.26348796915272565 0.4522527897019217 0.170972619971285 -0.6530341517749162 0.2654427959879006 0.19367203069557593 0.4713196763703865 -0.4027933421680463 -0.00999478129852674 0.15989438002064574 0.03472011760865401 -0.4201182332709946 0.987149454016845 -0.3034873521485517 0.060606026443677276 0.315744059042729 0.14201584313365861 0.2887454530173074 -0.5394434467140639 -0.1325227905653281 -0.5084057170248397 -0.36437319565040666 0.30298742261770917 -0.5031980078131942 -0.21333724256810768 0.48643129642505395 0.6903101628955416 0.24694079437055888 0.9864759702312216 -0.21487554947707435 -0.5620390740106298 0.2090698238928963 -0.7556408763072153 -0.4754293853862287 -0.15628170804864888 -0.029790871739927116 0.3490085423920549 -0.7548743746793771 0.9266118123938041 0.5518037914707754 -0.335963305834584 0.04809819908037424 0.43788163644354317 -0.9842742701868256
0.47110569981446143 -0.3386923158492848 -0.30191132641398416 0.049373362958224476 -0.5410350997315123 -0.1779482216138495 -0.9636002512074607 0.27987658274616667 0.7627288186131252 -0.21131601517794618 0.4922844136001151 -0.6987187942824712 0.4759050475289548 -0.08258476894537348 -0.8676077999703573 0.643788846137872 -0.514976667753717 -0.43024902649031616 0.8574728811539788 0.5007888765378485 0.15959881804343384 0.24688700954678974 0.13402836148241856 -0.7869487732201323 0.128288860087227 0.7979550549471565 -0.6209545717687894 -0.5212100680194669 -0.35504494220371424 0.9068098202533079 0.8959477175814086 -0.5509652620589247 -0.3434741030699464 -0.4525076925387464 -0.57975490191273 -0.4548123802013694 -0.7836824189948544 -0.7446254029383367 -0.30120742781087784 0.942025565473138 -0.07735268612342153 0.5299982379458521 0.007845213937661551 0.8378953006949439 -0.409610894063734 0.013916261431272628 0.038372341996222054 -0.09456953404837543 -0.1663839071489862 -0.10729170622068383 0.03631259566319755 0.6131771423562977 0.4290099064667353 -0.01652127541444906 -0.35595260116338645 -0.9748089444310405 -0.4540378772325633 -0.864377927721182 -0.3489651065654126 0.2799011126124226 -0.6666151343963391 0.7407385051003202 0.04136854348504162 0.6429683260594465 -0.20682933927627112 -0.7094574099147126 -0.5661062934661506 0.4528681265795612 -0.052104122437758305 -0.2524140849891928
0.10722612432877883 0.6119344595658847 -0.3169593109988109 0.25955172601375476 0.6263323604627918 0.6898672349361312 0.594811449979423 0.08046211511094681 -0.08512933834781988 0.5366277417137102 0.2830457832892394 -0.46207597348833196 -0.9906825262512757 -0.05609205420844144 -0.5691816881269742 -0.32684174803521454 0.9119890892350491 -0.36813241636874394 0.3368544008348533 0.40898855155480973 0.20523681427705123 -0.6184683476860586 -0.6839478042078677 -0.7072305587968907 -0.12515021773118423 0.8913650265217471 -0.10904089918359355 0.097460770316383 0.036720345466459775 -0.7164289159203737 -0.970300611042299 -0.05239872779345592 -0.8512119002249922 0.3871208642953228 0.1047116067487218
-0.8225704344373768 0.1759293955871147 0.8015632957579014 -0.9941728954954485 0.5600074778256949 0.9418411548914629 0.11351000255761523 0.8912309525368713 -0.40024429853262355 0.8230014631713765 -0.0779881034798174 0.28050193991188616 0.8323959608674824 0.7611305742882355 -0.5923270433835301 0.2805389479204621 -0.19323393866960537 0.15218023815456883 0.055378332805906025 -0.7009789481060292 -0.6591922066797842 0.8552325512559225 -0.12772622780681553 -0.21647043453589104 -0.5017734903535351 0.8635727598833031 -0.5121571291534854 0.04903626737086331 0.6773266161961943 -0.7325618252982996 0.4319407388160559 0.3387913036125649 -0.4904317304189215 -0.8234803900873927 0.39803900740958426
0.4264808655053587 0.8791489957936776 0.0877687212821967 -0.34984727922800635 0.13939100177431252 -0.6687791371991484 0.9138160604631522 0.7315892567691253 -0.6905024385819261 0.23713049356066734 0.6575678000036698 0.6499630829837215 0.5850249510462134 0.8864750613121511 -0.4514800630755107 0.4568824126238793 0.7732577973439682 -0.3211952152986178 -0.31042729330399177 0.5633685019455702 0.4492364568884839 -0.025861858127122 -0.24670083652958993 0.6413221013330097 -0.8916399640588804 0.35252163936253383 0.02270217366815777 -0.7375977534679892 0.2687872229386289 -0.33757429067985395 -0.29130187133263846 0.6946841304092308 -0.014959941498241428 0.7854867025758888 -0.024011648526251806
0.9614471659676076 0.37721214795589675 -0.9513252600964072 -0.3311717459768103 -0.2684779323379762 0.3180657154788509 0.015914248468527736 0.41117953109142974 0.358395772112412 -0.5016679498723811 0.21338892831354006 -0.12610824479678454 -0.32570156129589733 0.3761747828266276 0.19595360252032643 -0.1283966129027425 0.3013483973675 0.8629190662123871 -0.6147175954539279 -0.923515711851378 0.23227706471548407 0.02583794191212492 -0.7088952665486403 -0.5800561750469541 0.8714492261949554 -0.6406426907041538 -0.36888092426444946 0.5317711962265642 0.1169144866047338 0.34827840853200676 -0.1773898389018943 -0.7617103105505733 -0.7091243223306567 -0.7586301890961539 -0.7730115137217047
-0.7714194027254625 -0.09103851003606643 -0.5301677646205325 0.8795094217848634 -0.7807002260472738 -0.1965434720006911 0.026049678446456684 -0.27128934575809277 -0.5365324005844978 0.11176726971117612 0.050843514973639925 0.9249789484603637 -0.8764876395356034 -0.7440545936254497 0.9157067512110688 -0.5375455772080878 -0.24395485095670194 0.14400789237369233 0.5647623682689851 0.6831166756677501 -0.8088872758274779 -0.05314106122383656 -0.5181539137349153 -0.5550844122017071 -0.0806777613075948 -0.19435863909453055 -0.8822473655138827 0.10502306343389285 -0.13591659864380143 0.46636800947406803 -0.9898631941766318 0.8160490132224858 -0.7457940926826416 0.020958445172897983 -0.8325802454881222 0.06555834275470306 -0.36377012499633865 0.02622562833981701 0.4168155475778274 0.18062468958854994 -0.27539099402854944 0.02372450764502828 -0.8812720935831659 -0.005184631128111433 -0.20500000019534115 0.4957001256338357 0.7276215395954485 -0.2219257569366586 -0.6695463491601339 -0.3004954680762066 -0.5519701757184294 -0.6238682880671632 0.8268106015904234 -0.2024401902824176 0.3513796640896861 0.6268747590486489 0.3995246229161903 0.8964102522266469 0.3775844736647158 -0.018966336341605272 -0.2487204710844364 -0.13208467785218558 0.42951287067564503 -0.1446473168841609 0.4266346639870264 -0.5223286222028638 0.43435255761931035 0.191208734405248 0.5034167559389319 0.2449201406291242
-0.17954338819590882 0.02309986747047721 -0.4223204078601064 0.4592326050216695 0.6232527164535634 0.39772355680120564 0.06136901228744802 -0.28286374095161204 0.3800057556438244 0.45415691775091876 0.725102856212495 -0.5520374851867073 0.32434094260614904 -0.720176510904364 0.09167781429237382 0.06624739311068344 0.5139313802301028 -0.7370067149555434 -0.5288318171457036 -0.18402691250108782 -0.9810482175859794 -0.9633619134141225 -0.8662701476708407 -0.49195844186480214 0.2366404216092402 0.544589612206962 -0.3532823910352232 -0.549663068711493 0.1777613744271161 -0.5846726595978884 0.05432418097318849 0.9942182980143033 0.027371992512709463 0.3304342581129224 -0.7132760390625934
0.2954004247581099 -0.2891261307229571 -0.0845748234055135 0.9073597349678365
