NN-268.2
2
12
64
32
4
0.5497408920636634 -0.8700640129544579 -0.25406158646588123 -0.33698308000453137 0.7900176842256421 0.1424958700475354 0.29961166316096904 -0.01261611838638495 -0.9765090287624829 -0.19488768529000966 0.22749350194334855 0.40485351153781135
-0.5003354000286433 0.5579936087368425 0.08372474276277996 0.4312598811762596 -0.07222936084291187 0.6167648885330473 0.04937810866379122 4.598023092727832E-4 -0.8475341075257163 0.561142110926683 0.3152321849577277 -0.29021217262091964
-0.7166435829966376 0.5704344176019318 -0.534450189712513 0.24723132914175946 -0.5304350828009503 0.6600232591353791 -0.05601335554487699 -0.07050885320074249 -0.3580638905187195 0.4932585777305509 -0.37214610010487426 0.14804521784255925
-0.07579727467157038 0.40937329362399444 -0.11991050308875698 0.391378811144572 0.7001902218047982 0.6488588119522152 0.20790806345085464 -0.5397879930656457 -0.7696083539854714 -0.40306773786301026 -0.3855177154937724 0.857800778097908
0.9288484892734028 0.37464236992529165 0.7741698687489794 0.35725662378941636 0.3691053377627052 -0.6137802566215165 0.32282813513534386 0.2192402239551528 -0.502190220459078 0.9436298841380679 -0.27483172280870993 -0.8120383879329245
0.43509663874511695 -0.29053681251204194 -0.49818507308044574 -0.19171247696080498 -0.016119476903037923 0.12859218022569419 -0.5050913618168513 0.055877912853240785 0.5564100541990483 -0.30305862076941054 -0.9448031834874568 -0.38251768850328577
0.6233501961963681 0.6597538953052963 -0.6356070145353294 -0.45316146032967775 -0.9557878103920225 -0.211459532484359 -0.2927062402394876 -0.10639838917098961 0.46361532719209386 0.5600488175928732 -0.2795342118386941 0.019470464108212817
0.4608055301140581 -0.9314620504694797 -0.33669763068755976 -0.36287557224537537 -0.3546303231270388 0.09468997242316089 0.3793324730272578 -0.3918778611247983 0.5462130274317706 -0.4802717498737763 0.40570668630192636 0.7915651155921464
0.20232195840758782 0.49480911460191823 0.1733367684808012 -0.5427479019890485 -0.9660790797032701 -0.8414110568638291 0.223977477184194 -0.8073731072729393 -0.3553798868688735 0.6237580415737065 0.06894777176869651 -0.5109473350679178
0.010649215955963465 -0.8162925835194103 -0.39826171073901867 -0.48422116817579974 0.11418339420781506 0.26231345460777383 -0.6931716998986721 -0.5393065238641597 0.18723694736855345 0.21937424287977364 -0.9908476541964178 -0.5518029080581166
-0.2167449259100633 0.7472770459377267 0.40351600305152957 -0.8270083861766693 0.660282713321571 -0.8188610141656464 0.14074172521980405 -0.5574769350861604 0.4302010715006072 0.9956266898617956 0.873768052091541 0.6425332451309385
-0.279185276002197 -0.0702469901171405 0.2657891980893034 -0.37667848145005695 0.206979062685118 -0.48353166930323893 0.31688893535953344 0.10193944249742964 0.8435814933144543 -0.5079242529975255 0.6424597587115501 0.015958466748258373
0.7779561533331617 0.9518547424389487 0.4490638876426758 -0.81769515800636 0.8068003631551142 -0.667858230002189 -0.021118133709501417 0.6714255508425608 0.15901688744084974 -0.7170654288342435 -0.3772765177834954 0.5517414141574903
-0.5299882870857185 0.17543205780323057 -0.7568103910531521 -0.713140915317463 -0.29828890204085245 -0.08904209012799136 0.19465644061298715 -0.41857941189969194 0.05777730348707829 -0.9251550632272405 -0.3949929606420858 0.5874821684493841
-0.8002509396677681 0.7566308587917085 -0.01722071107442058 0.6265018412408352 0.3113427958637202 0.4534475539262939 -0.3961255470008745 0.7493372337657859 0.23865758716344776 -0.2449371705176754 -0.11712488797779498 -0.004672954177508348
0.9648738236325999 0.5328125629265437 0.44521451339570317 0.5046181317013952 -0.132520708552488 -0.215288042850744 0.23394897543930054 0.3061662180229224 0.4625882990197342 0.8547710362469085 -0.42196743723926744 0.4720695798935749
0.21185125157645057 0.0618689015502866 -0.3296991687070608 0.12669635577675578 0.25518932424981 0.26290347092709765 -0.189588206581783 -0.12547480317385792 -0.7886191406329394 -0.7932849408551182 0.19712574253243326 0.58766460714184
0.5731126740114827 0.022952038085998216 -0.15080051062662347 -0.5639698255921463 -0.3730237200207678 0.9289809744738704 -0.6313438184395829 0.7981997684155153 -0.22757305559707897 -0.26151235189716 -0.04400174693302983 -0.7658049956146092
-0.653624738354521 0.02685640934653999 -0.21665992427818725 0.8664512716666672 -0.8073460389313629 -0.5680948496856055 0.6777252089125206 -0.9193458990206618 0.12868869076107736 0.5310712575067386 0.8113706485885596 -0.8642900033705535
-0.4175384183516928 -0.3612906746564307 0.11949044616938487 0.6652256729969255 -0.28824511902927474 0.4561331015562326 0.6479066339117254 0.6547021428668147 -0.5470095291043506 -0.3369759610861368 0.7073008951863934 0.17813644160992476
0.5196402132817449 0.6313784567443925 0.03153554052072302 -0.5331606886888473 0.6422470453328257 -0.2640488860535467 -0.5826257502174836 0.3944731226670993 0.8238909838493673 0.2194164685778655 -0.6602993739919081 0.1952738313625948
-0.012154362931962447 -0.5967842723723458 0.21411102701897322 -0.07289999144751097 -0.33582182423402135 0.5409257194747062 -0.44472097361590174 -0.21042728094711335 -0.01969600415719408 0.33284189680687243 0.17519940448128324 0.490763657279092
0.5912636481913054 0.131088022062751 0.48036554484139915 -0.25684873026263805 0.016856495048056752 0.07327080642904725 -0.6721756545484903 -0.2014549716781676 0.8806214469573973 0.8959689421860879 -0.09771837301118655 -0.5635429312691502
0.6976141839122364 0.5686012167270613 -0.25439794860572584 0.06201717609836174 0.7954348007099833 0.5045220528097356 0.32860027956731486 -0.35435210442008247 -0.12128899756347589 0.5812707321180334 0.7684189390758365 -0.3592679230923602
-0.5989573714678695 0.46733053133098146 -0.9795911402026694 0.9288752394298765 0.5171155596827959 -0.6134191518365693 0.16247001688418028 -0.77099385600583 0.8951485083852048 -0.7739229870020428 -0.6779874117445364 0.17265691909492276
0.26869719029786854 -0.448459097576158 -0.2909004630158164 -0.9899602873446807 0.5325533078077693 -0.21680718763348716 -0.22739259258950617 0.4343396136298434 0.27070134636249626 0.5634862486603331 -0.6956987307137154 -0.8444250331767198
0.3883770652555455 -0.13713386081438217 0.19893953953424395 -0.21724439867802262 -0.8864957376089464 0.7238787938019827 -0.6019765045087554 0.41502717252760624 -0.8984126529213933 -0.08654277636578273 0.045245677504437004 -0.7884591822725633
0.3378460071943785 -0.5987903668198223 -0.740990426854484 0.757650614461837 0.8001086919518035 0.39072171080188856 0.6120538714730415 0.5990580726880497 -0.41254585053667103 0.49162393456321724 -0.2605209640514974 0.3159171398746956
0.6737735544152595 0.47406462973085944 -0.6097416198086341 -0.8111398590658936 0.493080461539225 0.5049377566975458 -0.8640483220092556 0.05036181772811038 -0.33427724913572276 -0.407961673722987 -0.0950163936719308 -0.14091621842842594
-0.16405344573789463 0.958057292571795 0.6359996809955992 -0.44547410257879144 -0.3219844587367766 0.2942180764898301 -0.4359591528554786 -0.6283006346104859 -0.07729663131209055 -0.16571071882613225 0.24470697681914066 0.10526199447100076
0.1718567016818479 -0.8173772266423773 0.6536157536226976 -0.24542154066326805 -0.5655980183424077 0.2832801773328007 0.3467293902919699 -0.8899296778216217 0.47195750509032874 0.9195077521274242 0.303184665355933 0.6303360176911271
-0.7368900226187105 -0.6811376125194906 0.7185703572250288 0.03446993761868363 -0.628881441359203 0.31501815810094763 -0.14059603253912323 0.8528566971636407 0.4993497144091742 -0.27516718227954323 -0.7221035734807824 -0.4929576415431738
-0.1221978943177846 -0.6257178954995594 0.18681596614324736 -0.7057168082560998 -0.4151472672958889 0.7619670904741944 0.16907239725085255 -0.5496042315952728 0.8650842955078939 -0.04666782087383356 0.24180363985912087 -0.5941575777452959
-0.7472598451377399 0.6164205847732767 -0.05834832017354443 -0.007577152649660383 0.05339221842301574 -0.5486779732587165 0.10266322253918357 -0.12666281677045688 0.05290054663764486 0.6022223345047867 -0.1254716478142395 -0.6210343138519896
-0.021665495127766388 0.316018909517644 0.10275970351846507 -0.6678228265718849 -0.034352349136703 0.2921619247747563 -0.26193889940164694 0.24219195705230911 -0.0753109545626351 -0.8244460625533138 0.6578060410725569 -0.6882652618003144
0.31710293249406907 0.7244112986665165 -0.5923436082869369 -0.8563471895634751 -0.4470614677109016 -0.4038042745773962 -0.827226994205574 -0.18008606946997263 -0.658178250900848 0.1946972040819548 -0.7449099096659042 0.8357860586872194
-0.5309384100972709 0.7914080356536581 -0.5895926118192762 -0.08116318422861853 -0.15292978639483273 -0.806093520756309 -0.286371741061666 -0.7068944787501139 -0.7346325412281618 0.48333315993783216 -0.9584308208397097 -0.5975846994427272
-0.19201376849269683 -0.032433358015248846 0.4626127715398005 0.19518857470936252 -0.9186327848143381 -0.9977851859349287 -0.4855292936288269 0.45605410472007457 -0.9189448284869854 -0.14745092776631785 -0.5160110586895493 0.037404671484697644
0.70196258449291 0.6071934233498695 0.603531659568558 -0.2785470468464768 -0.35067813821963223 -0.5112299917657597 0.022094732494195135 0.01488504881143083 0.33832780919465594 -0.03713498626112366 -0.4887494161873766 0.8691233337905587
0.7314354243208366 0.2026886829836263 0.03396505108759573 -0.6373842883729333 0.8465337358548223 0.7896407791300234 -0.7621266936975544 -0.9392217867176686 0.9366083456296435 0.19784020320898224 0.9933164260606455 0.5160653201925556
0.3659662329226805 0.47389644199020403 -0.371712256040839 0.45579700482961694 0.23198820082249205 -0.2896011030654437 0.8845028410670223 -0.5413822153395762 0.8439444243909551 -0.06406269283405429 0.18015013098957008 0.19583700354912703
-0.46532595077224626 -0.5227968759754025 -0.5015342146110823 0.32726298088201017 0.8920262964322131 -0.22114733838103356 -0.811694246222168 -0.33933120851062437 -0.1652282998047222 0.5882868791370569 0.06552677675881236 0.20599793323088975
-0.4657171520453819 0.30145645296779955 0.3239652131587647 -0.6486035989589847 -0.05240210555301128 -0.18326658826912348 -0.7732521066533438 -0.6585901137360402 -0.06683837001437873 0.4121736170816599 0.0499129559271168 -0.8815006057659595
-0.6468947051302736 0.36251364361227756 0.41626684268568986 -0.13920508717119015 0.02438978546595615 0.3862837090142369 -0.2502799127992041 0.36034635298701767 0.03584669197166168 -0.42069072268961655 0.6205200197108989 0.09905866524042856
0.1825247006736916 0.10534284016321777 -0.8115223100440354 0.8087993838365052 0.46754418796169206 0.5522187777638897 0.504591516149677 0.5803612932980671 0.3428408590255594 0.12704340172600928 -0.5519286587544431 0.765229152221652
-0.31604739833311624 -0.29002782766522106 -0.31333734812472985 -0.548440203635222 0.3435066964472006 0.9589959313783832 -0.3278923707890832 0.6666674666056003 -0.08732574100276332 -0.02589883282620227 0.8938179453249829 -0.16383781586253382
0.155837854145978 -0.12227254233963349 -0.9051757010606143 -0.606705547017258 0.8172521843570141 0.04453212666959089 0.1530869822077296 -0.7137258736818274 -0.951281684559105 0.49178394234253636 -0.6122495932701627 -0.49330967672344805
-0.7575385424082188 0.430301543629282 -0.20069057876890567 0.712879908718986 0.11865057182056249 -0.8538130604325168 -0.7678354662464715 -0.09611487935509208 0.38207513967307455 -0.49270661349508804 -0.6126121367260694 0.8619704349221524
-0.2645304636931006 0.8397595141253809 -0.5012375239220477 0.2268882414308885 0.5638033048505904 -0.7997661453348781 0.10104006296968393 -0.699802143675876 -0.9749246369604492 -0.05542249485323494 0.23057624155918058 -0.7270173886611399
-0.0097783305418786 -0.63311984588066 -0.4766007832065237 0.08012620619235977 0.5776949422659788 0.034918468902345845 0.9413398869357366 -0.6309686088343989 -0.40629035831648164 -0.05489592610043163 -0.49629148371761955 0.31084169079023094
0.35057123904068066 0.5666134805794567 -0.6036698375504436 0.07804591489110568 -0.7128642279191431 -0.9465337259331276 0.2781221073752221 -0.2004880805748392 0.38593564915460177 -0.11832907613995525 0.5003110143636715 -0.7805752732735382
-0.5912760653621596 0.18504094857641523 -0.4864892210787684 -0.20725183881725026 -0.7970345667787486 -0.22824611196076366 0.4608651351239106 0.9081512177627085 3.0301293887585734E-4 0.2525423354374725 -0.7807466860340799 0.3535486230684117
0.4053885478811757 0.12707936773620895 0.8054889670654477 -0.3092661484934397 0.8659361057564418 -0.17598224180350253 0.2738245116591498 -0.7444581530167702 -0.6213843909716105 0.13817415394114896 0.8865690288761593 -0.42982659268338413
-0.03536049237790931 0.9626932142104092 -0.06881451198009553 -0.9317176141922566 0.7548281915458881 -0.9173397788189467 -0.3951934922632895 0.20451695116523494 -0.9900788309060186 0.06842589668814918 0.14075419320688615 -0.8964264948259915
-0.08109483205500256 -0.16033419852851644 -0.17415414460153575 0.6141983628327121 0.08927388337607503 0.1879075175131393 0.5726226507852841 -0.8421233624184888 -0.46315315090493625 -0.07811057771784487 0.17702377982217077 -0.32510008148704866
0.3958059364476938 -0.8922556268970269 -0.4870910145800107 -0.14041632473701546 0.030155274033974284 0.05367256076252247 -0.478664746765473 -0.9540189568749706 0.7362177179754997 -0.08100004677281117 -0.025874255474953423 -0.41413473195826445
-0.1157593921918127 -0.4602428712542207 0.14143661290706103 -0.9534324758926209 0.4090658630363478 -0.4308591748176202 -0.26369778479472034 -0.22394781326258206 -0.040468569887551556 -0.7263207141292042 -0.03702339226957955 -0.3113546664826794
0.1738592481848018 0.5603754362065637 -0.3662125591456083 0.07087430642196946 -0.031493688092123495 -0.2877856295724417 0.2521024933937948 0.3728916953581953 -0.8240846301535245 0.5450915391586559 0.9890100768205761 0.7593846239311715
-0.47616184731333566 -0.16499045218443367 -0.374908749820585 0.27754802245060683 0.29830760176330995 0.15475238087695758 0.27299254738989315 0.6607459258183267 -0.7652377997507294 0.3814962672068613 -0.017302158021319847 -0.1638730106625227
-0.9035217027153443 0.21554535501934233 -0.26534868261209604 -0.4467582322393798 0.6478119647551654 -0.9606238037155472 -0.14051893652288897 -0.8137085468792667 -0.9811431147145491 0.700242111336244 -0.632231264582874 -0.8659445978908793
0.34784303469621336 -0.9091946499220023 0.8932473384608117 0.9658055587359644 -0.867816682801983 -0.003809664904672833 -0.4590531968936815 0.7185714283820914 0.143036257284307 -0.589122552816992 0.8421516784814598 -0.9236201371669999
0.051174287486064694 -0.6096524639732426 -0.5810644084302217 -0.6523533189154945 0.08768094355697453 -0.5431805216283796 0.6105617200017371 0.2169566625062541 -0.9315294219962862 -0.014808245799032838 0.823755115447399 0.4099451924650896
0.15538237905768354 -0.7663785646056207 0.4072301973975616 -0.7104500483382102 -0.7320558720260801 0.9266722682007635 -0.4616327790807124 -0.5621336196926776 0.7388927467882318 0.8658770554410339 -0.6137585566775723 0.7218245673188456
-0.3667359119379485 -0.8811849764559536 -0.6960066452722617 0.39278560379008887 0.3985906386146119 -0.018603902034431852 0.025139341543822063 -0.22107192009648147 -0.9566938109727425 0.7190842229542078 -0.39820902743765596 0.7530940922810406
0.12249089418776757 -0.8456900969589526 0.1017738084647926 0.6678361044429721 -0.5337307885113082 0.48702568896902654 0.4622594970188473 0.5637300043894771 -0.31826165747468915 0.7119845378275793 0.10864634620693316 0.03690295093712008 0.13392086826866723 -0.06635776825441865 0.49860730975594403 0.20815996526148312 0.362510601814968 0.3607704896040934 0.3664027213197014 0.5232635836523184 0.8986839418415049 0.5954162665206297 -0.15542867307523733 0.8569529075913823 0.5145922043154205 0.7613582360764306 -0.8812813644465831 0.23434546233793502 -0.9467039889997683 -0.819958493994672 0.8685280626048184 -0.047294127938947605 0.041782997557573254 0.46896878648773177 -0.2501361702325577 -0.579533561376709 0.5254568803772584 -0.42011672433665104 0.6008356208430634 0.6612023199335647 0.7024206421520469 0.2665656324846917 -0.16541668896016354 0.950812022889373 -0.35573905274994666 0.25542431216727435 0.18063087832509123 0.29563091060565555 -0.37724970579940953 -0.24496248430051826 0.3132461702591607 0.8522092190900699 0.9857126992322738 0.3530723235838507 -0.27492669487852306 -0.4129247992999052 -0.3369260006158162 0.6762167197259501 0.8756125980070182 0.08459029807314197 0.02145372415874467 -7.095971582904998E-4 -0.5921164658646614 0.20574671790742083
0.7732961245939209 -0.44449926682783003 0.051475604063403735 0.819712354940999 -0.03223105656936617 0.5763426170046035 0.5330028297459548 0.7754600164777044 0.4099673772513822 0.2541722383120599 0.2581644167400019 0.2230576658712614 -0.35099510328669803 -0.7901115525621831 0.7807171530762655 -0.3221503910113557 -0.19418155906188636 -0.1342344274080571 0.04061529172823741 0.19809530063368566 0.6671121454900366 0.20964615087335775 0.25522307116339316 -0.10498281030882262 0.2212051741140677 -0.9721078483098893 -0.28063499360175403 0.6605126103672748 -0.8531321446511101 -0.9690569348555096 0.03271135988862789 0.16988485761412486 0.2530071163763817 0.4277680462797087 -0.6700995182121994 -0.15064356386244618 0.6825382365229874 -0.7177044684285685 -0.6082828329919243 -0.08516547879876984 0.7331382753594476 -0.03984977049906968 0.7256770690166199 -0.04403859433729977 0.503425771874196 -0.33166840709022766 0.30387988524547616 0.49727378240724557 -0.8036142142423935 0.4630230909715377 -0.7622526813555517 0.5030108020809069 -0.6211611664226738 0.6874940399516543 0.4959838420224409 -0.2168544828162896 0.9356417494819449 0.5107185931516868 -0.7182472238611206 -0.42029551648646474 -0.8019436464522721 0.2731736103890488 0.08873861617767488 0.1813158637891397
-0.7482953657553855 -0.9246789682769841 -0.4827574222224743 0.06367277203800786 -0.3442043343235059 0.5881550161004419 -0.376000615574861 -0.5545592895602767 0.4122815407413359 -0.5560473623179778 -0.20891738678734031 0.87948446301889 0.4886885450185251 -0.97332068831838 -0.048121373146180896 0.2829171100471612 0.44160239814883895 0.02426218926712918 0.10788393913928629 0.15740126585242722 -0.115500249000832 -0.38550969276855357 -0.43519875300617245 -0.4095132963107514 0.08724897757190853 -0.12438018285435642 -0.15671220181589063 -0.3862724299745338 -0.2651969182757936 0.5649610934576961 0.19245633517990424 0.7710327125947728 0.6775805883614385 0.21008137046514253 -0.4208753542065552 0.20979482473968616 0.2534063402962921 0.06680019866544125 0.8624433452852177 -0.31014656496251874 0.20824429696355692 -0.8758357712889994 0.1310642065393589 0.752782472423437 -0.5571310687402218 0.18506487443638958 0.6281828143013118 0.2997363766683214 -0.39807213648080586 -0.8921331257192321 -0.33258111727777495 0.995957501169524 0.38711017461212077 -0.4028163329517991 0.7824644166011533 0.0696268643249606 0.9926221420854976 -0.7878093940176181 -0.18314385124102606 0.5723492626783534 -0.061339844906281686 -0.03940280270147398 0.883490489541497 -0.781376673153051
0.5582766897990576 0.09553380829662622 -0.23612687669838728 0.6744551358780855 0.10958074729998246 -0.4364986011903085 -0.7524441717477222 -0.02350561767389403 -0.5558181407924372 0.34496104546581885 0.6317420396282879 0.3476597666136885 -0.605242244826625 0.35858768220852716 -0.15004756889663662 0.6385027405330587 -0.604245374517301 -0.6901857501583091 0.3519666673427121 -0.2633452199784563 -0.06699921601529159 0.7439656127057612 -0.5816539582702658 0.22898182289021496 -0.24293838308853447 -0.7203136652989756 0.6351485278055595 0.4576947235520854 0.9183501086560135 -0.18789437843145515 -0.16806985651173112 -0.23161770939762716 -0.7212895570726192 0.2115674436293811 0.28297831480437324 -0.3482792058852025 -0.4842319681868257 -0.4812039791863346 0.23789317791678266 0.33156849697293767 0.6067034467852166 0.6236609133590834 -0.5116917119510065 0.4847919261496786 0.2406805533282304 0.063074333728493 -0.36974046056061666 -0.3697992459268324 0.19039103190940201 -0.04695431526684235 -0.0627686875086344 0.883244212714486 0.8203215102466195 0.6468322776441556 0.7287295963881311 -0.8278886817515141 0.7934984730075836 -0.05261461657602473 -0.3874305093893053 0.14098711587081114 -0.8616757999311706 -0.5296681427337335 -0.10760660737085304 -0.14305643327433554
-0.8537011722191015 0.4633953297045193 -0.21806464633600625 0.7559120533977812 0.7517789811990088 -0.33525595447483364 0.6337825648191888 -0.1971465005452252 -0.17497179790870715 0.09597354926560475 -0.9505644736700727 -0.08635132520454764 0.19678709184362142 0.01976081356994963 -0.28420372572846453 0.49586648823374413 -0.5764421234830961 0.03262441487927894 -0.7730105968467332 -0.7751833276776892 0.24881423055555607 0.9258600991066956 0.37269735297395234 -0.024327069263242906 -0.2373957328820804 0.9914474723839644 0.48860768836828894 -0.2112085105511255 -0.1086677872519841 0.12017105371585886 0.04276801074748091 -0.547621209779257 -0.7208323661883569 0.7535607182761446 -0.7236841253425923 0.1174191391316941 -0.5425952170872891 0.5644047345840656 0.5444605110495913 0.8454506278716728 -0.6157234746427613 0.008739252531212216 0.592439546074831 -0.08433198912386182 0.4580019497737874 0.8176348691840714 0.23645772773255327 0.33365201597226174 0.5736335743637305 -0.9219491986596875 0.4362082037717949 -0.47732995915511656 -0.9842010048007359 0.20612036114534316 0.39310039197529 -0.06235777627320596 0.5646199540376671 0.1437776030905724 -0.17762162541428117 -0.7211805221960825 0.4946105296119512 0.4172630966812088 0.13430765721058502 -0.20661605355027177
0.9889998928503987 -0.17371693380964554 0.29918627727295743 0.7558574372126898 -0.5507306973867179 0.7176097731008088 0.4568710687293249 0.08518156207912633 0.5371969325795782 -0.7465223661551952 0.17767651505749016 0.929150808177754 -0.16056095178578517 0.3085490472410671 0.16679146335979778 0.7502287492612912 -0.8366862210438822 0.6007685972696 -0.502085229852784 0.44329215197650657 -0.2476872071142864 0.21052882989929497 0.7838352262553343 -0.01791062466340515 0.8850600247219491 -0.4836692675803971 -0.42070686640703914 0.5412016241976826 0.869798507396228 -0.1423302482557483 -0.09230845585346667 0.5396285198075169 -0.7017307020777453 -0.5688122357283631 0.15847600351751082 -0.548609162695138 -0.36877641833793734 -0.13061129049121134 -0.86171873219139 0.6654784578005893 0.8636489919364303 -0.4970310047117204 0.6226548044563709 0.24335898789870272 -0.5912377072070572 -0.5278383081710276 -0.4107651468150555 0.12314564665127167 -0.5686548480305226 -0.03699192686091379 0.7291971684606624 -0.9261672008872255 0.14422663310410516 0.9809372540718748 0.9774793004672009 0.9883432345167986 0.2129861470832324 0.3767314992653514 -0.23079367199343462 0.839287761048604 -0.7886883066017063 -0.8913570356040476 0.15087296571058995 0.8408717094785327
0.023176900217900843 -0.17705455321884697 -0.4653754667665565 -0.3593533483930786 -0.5173501340411 -0.4777472337246617 0.27678741704281407 0.6111260077108018 0.7813414959061172 0.19652963083973163 -0.9783637158000659 0.2510534820927339 -0.833244075607304 0.7920416509000908 0.7173571213016946 0.7250784984848422 0.3860070591909832 -0.8243735908914652 0.00997199616073493 -0.42626173741393947 0.8202370271973685 -0.7436050818248239 0.6691970400331173 0.5085575723335495 0.3847385527902185 -0.7080398706027804 0.6616589137703675 -0.1398231478559258 0.29737171321178235 0.6186197933230059 0.4678499381327246 0.39014502930311357 0.14101838906848016 0.11432017348511743 -0.826329420124162 0.26639372165674585 -0.6978283061857851 0.19212534463673148 -0.4866543161071022 -0.8656226885787661 0.7999597776790467 -0.144561139403242 -0.06477213109214688 0.43189024721893104 -0.030894993561228934 -0.9333449029677398 0.3559735768545794 -0.4298586513502749 -0.39384433791169987 0.5878034040679447 -0.60819066502947 0.21385224738065875 -0.1165832402618174 0.16765693404429707 0.48397546633612265 -0.9205101811499926 -0.5412438748522042 0.1530564619857764 0.23145476863637063 0.6884619518509623 0.6978324290868018 -0.986084069682743 -0.5550867833717563 -0.417223935081132
-0.40800697992402063 -0.13509940389301664 -0.21497229965122533 -0.9133286475239647 0.05750361478281074 -0.27610836888431073 -0.4331196260371457 0.2362256435040247 0.3297838103421665 0.21987714513846107 -0.782448934123718 -0.31153273330337594 0.35981340011878526 -0.30148946866162624 -0.8957775809377242 -0.19307205236284183 -0.4579330470497246 0.4951366984818475 -0.006981910412156012 0.409571648842101 0.3449593256161893 -0.440727206047383 0.3112340399934624 -0.03496846748019431 0.5606516834340505 -0.008364022335639505 -0.5042181024950578 -0.653809559073209 0.447747249830862 -0.09540717172233856 0.8822802942594169 0.16776493531065892 0.838834388937314 -0.009696475004652177 0.24999732589148332 0.7648999027344445 -0.4471619988688406 -0.27903827299061135 -0.5222236956948262 -0.013014315979291447 -0.5596373809774025 -0.467015596166551 0.5398491559164222 -0.9524312718478065 0.06315684507478574 0.07566688559456525 -0.5169894417908701 0.5399138554870482 -0.5548292054200162 -0.42935184286412925 0.16527749264506383 0.13126657651340393 0.8327721274367857 -0.6215075722272603 -0.07522053774216196 0.8355419813036484 -0.3599590162430749 0.3415152234103339 -0.3541028936445116 0.72070677984496 0.24393070008570283 -0.4993656139598749 0.4607551674893601 0.5557430799770615
-0.8165325945884808 0.16979776825991158 -0.3286965501531516 -0.1915194420524895 0.1722867276093753 -0.10442524800564193 0.22605589632251244 -0.2683544973530828 0.9960503685842734 -0.41837386368648194 -0.7157153329952837 -0.30456458751807614 -0.6275779251729553 0.5386126742000314 -0.5618578670248858 -0.9805263273933733 0.42647383318531507 0.7045734926105949 0.5610645935986637 0.9637645638822243 -0.05981316799676484 0.9881217235535666 -0.1796551545847178 0.8127051128040664 -0.8125913875967959 0.13964436791144905 0.08814225304335754 -0.647052826006554 0.38844760884411195 -0.39242808290244835 -0.5700770825341069 -0.8962862441161473 0.4319383780607174 -0.7916378032991349 -0.8387143881156791 0.8888867662994653 0.20254698611842348 -0.05625666939252063 -0.2624636862456957 0.8361585676535332 -0.6578474858972332 0.34321894512827456 0.5493394435488302 0.16781553494763163 -0.6187038394626999 0.4571061622130851 0.3488970838653164 0.5996200188407089 -0.4575970176303692 -0.4455386473346679 -0.7654349638524549 0.7256048207743995 -0.8583732069665022 -0.41411910477935465 -0.08038420348837405 -0.5097384591654966 0.23130687356178126 -0.5250511688119827 0.36333429945705964 -0.8140839385036887 0.9343653484490884 -0.14193667871156032 -0.7003533188699154 0.017114644344244687
-0.49200913951930936 0.05435750104278174 -0.07578362524143589 -0.9459411587472377 -0.5302888776007425 0.030319871056254458 0.3985327805751994 -0.7331017482046496 0.445191308345888 -0.1820410781343357 -0.22794828444940274 0.4539901236232763 -0.03664743931689676 0.10278108016580548 0.5967451257362985 -0.30493057877607455 0.012967725353768177 -0.7795454899085649 -0.025020127708037153 -0.5578961451918896 -0.12059703492010777 -0.1567529232985752 0.07407073384209883 -0.25703315345733124 0.40420773034518975 0.1288612060058778 0.6262427903158441 0.6250301616280207 -0.34292292476596586 0.35464194316249875 0.3671511362699 -0.3797835999706632 0.5020702959693442 0.20840903477795886 0.6587128372505705 0.06792714911741976 0.04454854909973349 0.7900997316327407 -0.1161197169986834 0.7875945904310006 0.19183036334591066 -0.7934897373185048 -0.11132465741767593 -0.27750588288216194 0.9278182454067714 0.1346365564300751 0.6168749669182448 -0.12928171660994026 0.23827166694594498 -0.3331987095132483 -0.892169200656544 -0.19301957057479935 -0.31011486019351325 0.312376066716365 0.8148071546145663 0.758710775524754 -0.5547757023012014 0.3970357214106302 0.5480197547205404 0.6008028737902805 -0.25873650271834997 -0.06376019285594463 -0.5461034075033845 0.46265774611346644
0.7883458293942582 -0.47905604928214396 -0.011122787503171142 0.34896135854211846 0.1582790954268738 0.2274407452913394 -0.7942953033562313 -0.5896833472575274 0.04439730015926909 0.540569406819327 0.3280778568258327 0.8241852082269191 0.8376508644121323 -0.021427755754613198 -0.07964692484097019 0.7382512577842631 -0.2805214458977121 -0.6438905842584195 0.002439591756449533 -0.9508643401833992 -0.6447739573702991 -0.9945698071725808 0.6230716397713317 0.027843465895110553 0.1285997955604281 0.525806453378847 0.8853006613091359 -0.2366487379701867 -0.28135247649263834 -0.16452887870896105 0.36016304483340017 -0.21954443600503426 -0.05121551493567095 0.28715781074191055 -0.24131612877108966 0.6879375198921103 -0.4542424653848163 -0.11167152054337978 0.5121227065438102 0.937598924677856 -0.7646765394760352 0.09925093270239405 -0.40390950388177077 0.5891051040113946 0.4391313897556923 -0.11271252880215306 0.9846936696367576 0.9354415212251336 0.4549692718821202 -0.8679002864784839 -0.35848715656824337 -0.302504931741321 0.8617567245259503 0.5639530478476488 -0.29303103855228735 -0.7379154934333898 0.07198817491744439 -0.7496318550488269 -0.6163617233465803 -0.5255081344434929 -0.919641294661725 0.53703895110141 0.4245659354178961 -0.9003829171537059
0.6076924170031821 0.014311903029655586 0.42232604035906 0.7101542341494329 -0.6696238424243992 0.0045116381994645405 0.04904814536964319 -0.005337524268179537 0.16424268636351655 0.4450353148785654 0.06973364688697323 0.8788582484449275 -0.654250824647429 0.18479408196245095 -0.3806841899423527 0.30873093304306765 0.3014384503307347 -0.6805525601696496 0.4409326220612496 0.6716602396830647 -0.5183327215727711 0.2939979139800821 0.059507246581058486 -0.2668176696702945 0.23047718813779325 0.33549363562405493 0.4516494708999929 -0.23686586064567317 -0.6028285940478046 0.9409269593374407 -0.5571069305736802 0.41794715010830896 -0.22780899986858794 0.9649196838951932 -0.046604843924461035 -0.3161745312043758 -0.3214968028592862 -0.7278311516260134 -0.12448831664021379 -0.30833470855447453 -0.6564523894988279 -0.13689277858506158 0.9938703822528947 -0.7809294683469694 0.580058694410009 -0.3418700937610619 0.5313444261930611 0.43944876755639106 -0.24237697512584358 0.6193118838613847 -0.5327186347913373 -0.48011991619447525 -0.9868018165467414 0.09678580034083212 0.5980740495588723 -0.10767023202596689 0.17934230627347772 -0.47126634215819874 -0.318805137768758 -0.2737358910908824 0.07009904245705391 -0.6245645234728798 0.30227476784783947 -0.9429864500674592
0.48899339649418594 0.12581949966255607 -0.03650291670111528 0.5368511602092165 0.393425693853978 0.45503003224196903 0.2076326525394796 -0.10363020395290666 -0.27579851487788526 0.41241611070590156 0.7445361522005305 0.9913350129577054 -0.8569136771948791 0.14687932351951324 -0.8926141578081923 -0.5276968773214791 0.7592463227173626 -0.00978175196465303 -0.6167143547997953 -0.5295239861496028 -0.3572149412059016 -0.036348189862058206 0.3494849221373681 -0.3635283051691564 -0.7833833678340069 0.5726583662370419 0.4341804789433923 -0.5157365053365683 0.4517067026515497 -0.582385250366754 -0.9686453466989005 0.0017999769457793247 0.8087160264210796 -0.3456104253489879 -0.4246504058923548 0.4671114705574597 -0.8404583349229429 0.4630764065576759 -0.9187641639641481 0.7252218831636966 0.41534621896232393 0.6949714240416293 -0.026425101431813564 -0.3948168945015059 0.3872657671996547 -0.7310328976208423 -0.08674883069798292 -0.6741094607523826 -0.9749728286335245 0.3662461880780687 -0.19856001869249465 -0.7324884069635502 -0.043617788380681144 -0.3404614019686404 0.5630587941535676 0.19129996548961614 0.9518102837235074 -0.6485795407783546 -0.9211100444756894 0.7632690110971933 0.5786832866758329 -0.6853907612496478 0.5792820895449198 0.126395802934069
-0.8429231438740165 0.6786060568972534 -0.9687826355794886 -0.24194581694640632 0.13454173806689873 -0.2198376348203297 -0.1666847511243254 -0.03642897713816717 0.18755149874799848 0.7984897413913749 0.11553113510680935 0.14888081747232818 -0.7861090355476947 0.8325609033363149 -0.09700096374130626 0.5404922302307213 0.06735188461708563 -0.21919826070389195 0.49912374788159386 -0.07240792057890984 0.839214474159309 -0.453322500674777 -0.30342353480226386 -0.8895580408859369 -0.8841286425836952 0.2249721601782968 0.1565383616716417 0.03911564616729235 0.7453489649180957 0.45692830506181814 -0.21562606257411432 0.8727530116684747 -0.47933412544612797 -0.5065560772372472 -0.159571268112534 0.024752203928017975 0.005276583986806543 -0.7151258097375179 0.009365947792965762 -0.8644062267581947 -0.31261014137898346 -0.7037190652274046 0.17914034722738623 0.0802415399461478 -0.14384845972913562 0.29142802989781125 0.8647715959305372 0.39913833767952694 0.2627784158035876 -0.30526110601937506 0.4000971647924124 0.8008536730305408 -0.4354602246382489 -0.11883799224013236 0.503492362290688 0.5494417687725421 0.20751783870913 -0.8150175864593834 -0.5381326658160688 -0.39166105986481387 0.9912942500108366 -0.37091956707365453 -0.7493757468843703 -0.5596193992039745
-0.621725821682457 -0.7612570552335185 0.7607642756761223 0.500885333518258 0.3152287432488658 0.615916636574219 -0.032137214677207204 -0.12811422441453854 0.3784217864136846 -0.21674874840591668 -0.24449497723914254 0.6693121901813458 -0.36819057747502426 0.846945509564595 0.03584700702077637 0.8977377072616095 -0.8116366045009531 -0.3553206674710269 0.008244429080110499 0.1363216973239898 -0.6012733621256795 0.5341102014376965 0.8738399866279745 0.8506636873822038 0.18956808268624292 0.4380868217183853 0.6827903662742065 -0.2952839089365726 0.0772979571585752 0.4384223378481955 0.07937113562771336 0.3497142478197077 -0.058498050317049737 0.7063109126158085 0.47396536265934025 -0.10003772839255423 0.22181397812675424 0.46014820588531 -0.3616387071708982 0.5583128635826099 -0.13803368915550468 -0.9470039433894138 0.22362813029915862 -0.3097974671904953 0.2200782532468317 0.15206516688733665 -0.9423440811441043 -0.9152249288067756 -0.4324842928258686 -0.20328176350841085 0.1934604947253359 -0.9215678897170401 -0.12602370846414312 -0.26081836861409746 -0.3226242905997333 -0.5378380473100971 0.8215048985917739 -0.48659308966304526 0.16647648624164746 0.56519516967853 -0.20281828368531218 -0.42943778164605617 0.7439063056948987 -0.05784825343729483
-0.12152486378558369 -0.2559092211182482 -0.4397246740809581 -0.8237209134752179 0.16573995672400443 -0.18339283294817707 -0.7914136565632461 -0.47148794780465664 -0.2916042931847145 -0.3568706692365211 0.2631512974200148 0.22474066365300052 0.3855013512160983 0.9797461394519464 -0.6864964240855811 0.5552706794527009 0.5917495630192201 0.12376362197483347 0.7732138658287756 -0.7950835659823373 0.7659768121110075 0.968481480496768 0.44627557912039845 0.6274209876567812 0.8846320201017634 0.8389242781457176 0.06089303343648332 -0.21520742104355395 -0.7555647126456995 -0.7918732226281064 0.174138914012015 0.37595507902418485 0.2947108655583336 -0.23305827779171245 0.6632435800419484 -0.1848041995308321 -0.18108083096765593 -0.46650399760771255 0.5580488338501945 0.7372824446801312 0.26222671992980234 0.8610569313895596 0.12734809095662114 0.2217940433340261 -0.20623776098783142 -0.7004551534846407 0.36985776328947667 0.21176587803655883 0.9193502919272836 0.6338939335759056 -0.7770399229337632 -0.33580272854879833 -0.045887935155963344 -0.5850931008215046 -0.1172569623382951 0.7146924739001163 0.3746225205863832 -0.10138233116770357 0.0746091946917048 -0.28617130516803063 -0.015445988738075716 0.567254804470679 -0.579555617369817 -0.08976206573688357
-0.9851067630255187 -0.3348090626379481 -0.18061793077854787 0.010653289759605602 -0.14216555943144396 0.36738729784158153 0.985662201277311 -0.3346281604674061 -0.028102035139898934 -0.9796505851628239 0.5622943925927992 -0.09570581795672511 -0.5143283289452207 -0.23009556034928452 -0.10499820746367221 -0.27805860013427697 -0.06569711203483818 0.7021951374237925 -0.45575668605593883 0.5002700684740148 0.8104642762242054 0.34363392909327484 0.8353075794489988 -0.6060807268730442 -0.2539413970188436 0.12184384797165015 -0.5709269710628063 0.5785030226175862 -0.2684699667713706 -0.6573082045626474 0.6280407712005002 0.828284197476946 0.0013849308880705597 0.7073745755584662 0.0019896902624645715 0.6056263199334055 -0.9899330665553616 0.22214197913118783 0.3777640760693459 -0.5980566177420108 0.25695454389198646 -0.0802945359236309 -0.40970054815733187 -0.5969068982056952 -0.30661780827538043 0.5766187363004384 0.15710127226251402 4.1714578290539053E-4 0.7232030907810771 -0.5454326824898813 -0.3889844342411789 0.40088789798161095 0.4957933637090133 -0.6430544683386902 0.622455126474526 -0.6025270476367399 0.05522471697162401 -0.029822038387101957 -0.7739683967459494 0.004397474817329633 -0.3163192969269792 0.37333051777678317 -0.21476972732800337 -0.6275178340733525
0.5110314478715983 0.7127766531818476 -0.949695296043267 -0.0507184370906287 0.07929202026291297 -0.08555238706733623 0.8783613648807178 -0.4357214004871759 0.2167738783704067 0.6763295782163117 0.12462906823800224 0.852647083561431 0.03687430459279307 -0.009219121607756411 -0.4536610209897164 -0.13259359360321096 -0.8856247153857926 0.8079377012659968 -0.2680061657018991 0.5198858509516242 -0.48156304385681714 -0.3440102775574059 0.5840277965026084 0.4714555557440696 0.591005824976935 0.27604804467235455 0.15354298304150857 0.7595967610903638 0.5980660766853462 0.29662169569020796 0.24998246383755926 -0.8944142380431122 0.60977008953279 -0.041264505155134835 -0.8515388351791559 0.183496819667356 -0.2887098024007697 0.06379541586116341 -0.40288561384391225 -0.16182846429105482 0.45387087219174505 -0.7980699836164895 0.5114442823579706 -0.03460102189392151 -0.8227201059632728 0.5900644577946912 0.3428919587128558 -0.05584286569062469 0.15705946275488267 0.65222280147223 0.13137517538334895 0.31305076770678353 -0.3569396805738246 0.36781898329233154 0.4765425511144232 0.5449930576560424 0.11708165793374015 -0.6187296569779408 0.9124966750585628 0.08339423342853586 0.3197725165391426 0.7130862105766984 -0.38942764086978604 0.019101748731046028
-0.586686664829805 0.7160796308988711 -0.6469623490907441 0.45425120488335 -0.24404716467295215 0.6418094197287125 -0.6849578030178478 0.012984589027069332 -0.08611389364362779 0.0863422025988749 0.9884128758308139 0.08415357898644632 -0.7552416247805815 0.18592705281541583 -0.22807917766641206 0.10201595076977683 -0.2694795575831452 0.15059327856477248 0.06973259602632627 -0.7715856381118922 0.5353234859773502 -0.11180410273589383 -0.333413339976764 0.45906864856528623 0.8764276612965634 -0.12569005840338704 0.01926725824184649 -0.5310450887264621 -0.7047490214153224 0.10314244071125296 -0.6626987876923888 0.18124008583343773 -0.31143315436385866 0.853531739306734 -0.16359519937058947 0.689609091010063 -0.41716268619208796 -0.5794279253472555 0.5957043370480061 -0.939336951811465 -0.5044402415665311 0.4274410946353117 0.41887869746508516 0.5277705740475663 0.37244944930100654 0.9574232851974244 0.46680204861079233 0.04844594651141132 0.9151535607711453 -0.49321926042103875 -0.32077039659016937 -0.40821173975613506 -0.4733666096272787 -0.12944642576464235 0.8862917871981582 -0.9901580463118986 -0.08108759548192168 0.6346484654687662 -0.704556443597913 -0.24794439694969037 -0.2916520338755161 0.3722124150257068 0.5918515009506211 0.06702494043943791
0.5878345428608113 0.10590921211806141 0.9385734891646041 0.9756685485128935 0.4925416789467877 0.4047860585536974 0.337950719796919 -0.1738522830904396 0.21590732336758248 0.181153615502958 -0.4299645705194384 0.17666407827135083 0.5781962228673347 0.6362710648325478 -0.2529889661421571 0.466191473343071 0.3854761528609662 0.024462955887357304 -0.35326198381689383 0.16584242312154893 0.7218529419416021 -0.21397552279111975 -0.439653972600345 0.677909209129381 0.06951270482417637 -0.3932824981715699 0.6078869671317206 -0.5748922827382263 0.2200309744239601 0.4139541422351362 -0.22038626231534986 -0.32455947438010374 0.7598654882680774 0.34368858626626514 -0.5476986681067212 -0.5736865244896043 -0.44200094910738413 -0.1848155522286721 -0.3879567778085445 -0.1664019567857962 0.0818665615710924 -0.0028915430009275322 0.04071752350471987 -0.15146555399674005 0.552306154745263 0.22915476651838806 -0.17057269180636436 0.3757886689034778 0.6223545368043687 -0.7986508614447658 -0.4409003073996812 0.6249559180896271 -0.39832609383863815 -0.04139287812785053 0.6372051300316794 -0.2836795335509006 -0.24702219787660437 -0.3255090511650843 0.4543801374283172 0.9253163448064996 0.8579327092959597 -0.32239310378186703 -0.09974793231216011 0.996471353055868
-0.2766607715812651 -0.09800505155218725 -0.4861300108916442 -0.6293960438416997 -0.5438609224532424 0.056900454003733655 0.2420983601605491 0.11036386912692442 -0.7051983905946224 0.24896568960546447 0.1929958795101303 -0.7048659392580164 -0.7978545670535125 0.7708433416323123 0.4447268433994128 -0.20597163969763732 0.48876523300624575 -0.5249685082132497 -0.33592853095078395 0.21364491570297495 0.3209223973577336 0.08858518589008606 0.13894277369111008 -0.044026098053204205 0.5580428340288587 0.6679859194912827 0.3156719302991189 0.2638017457591354 0.033897363496690584 0.23440412478657124 0.35880252137918467 0.9389272593278705 -0.7356407681621653 0.5467971386337901 0.5100551904960485 0.31639709399438043 0.4985621930989764 0.14695081401079113 0.6515208334418354 -0.7182478576555201 -0.6526376805391668 0.5775650749413123 0.39437988086883596 0.4839306754846136 0.12242462369381282 -0.22676580444922023 0.940616684528368 -0.8733476176338858 -0.5288766959960217 0.84796808969966 -0.027737501200774894 -0.7840802547297155 -0.5435735387623115 -0.5354315176674838 -0.3027626937130036 0.5255648243643768 0.6441333597776718 -0.3588990396892721 -0.026234857551054862 -0.9150147888666977 0.5966762639202614 -0.30081581594296414 -0.28137820102628897 -0.6870350705066225
-0.7178449851082463 0.2487141982726314 -0.8943093421598873 -0.5543899841408302 0.3598399029516237 -0.07605444006450307 -0.38709848706185945 0.3063377683879784 0.9339580540799416 -0.24867376966782823 0.12690056777448463 0.5127036184746703 -0.727517722856924 0.9498468923445749 -0.671951898834847 0.9602086639436394 0.43772953453721564 0.31798021322636866 0.8122810301162313 0.039461163092326966 -0.660271298561055 -0.6782399028441564 -0.4061595237898517 -0.16201290624651965 -0.5615286044599853 -0.8105100689369678 0.7711857437296294 0.5664916084735412 -0.3938412342332292 0.41029736366348835 0.08907364044419444 -0.12689155961002796 -0.8147407334039165 -0.8567544295782376 0.6738744140628534 0.2653989981462366 0.9034680931455807 0.7379692119268841 -0.9204221434935688 0.33151417967156566 -0.3264187765589723 -0.5274454326519504 -0.5519987118399826 0.6336424342974583 0.07588325467351845 0.848776542480753 0.6492138735609938 -0.9277095147792793 0.8257725864156338 0.004581046136033995 0.0314946819039453 -0.3168483726942819 0.5303686959858057 -0.5198802430423337 0.7682339923469519 -0.40144084656416873 -0.7894902917744601 0.6627750353846409 -0.5377147709730343 -0.12848697053557456 -0.7350629882215405 0.14348823183075535 0.9663531571429066 -0.6441967568409042
0.5047368401627428 -0.4465324880143646 0.15633868925411043 0.3866734699406685 0.8740603739689721 -0.8371254156753838 0.5241952096929419 0.9898023996216646 0.407248142083734 -0.7014204583803301 0.23011348944577592 0.3031344667405923 -0.6738412860245763 0.317258628447524 -0.40604944958306555 -0.26954802800529065 -0.06318851127915319 0.02622875401684091 -0.10506512013336944 0.12979704303956785 0.340404216061329 0.7316234542414983 0.8809759119515064 -0.3728231866878844 0.47876276543694074 0.9532832212886359 0.9663460873048202 0.6661343106015475 0.4565592061121411 0.23759606146183285 -0.008909697320551357 -0.7822700137614509 0.8965480714576956 -0.037032697131601025 -0.2824380310576864 -0.9285663617894082 0.6144626729848669 -0.23771515087543604 -0.6007203593828292 -0.09936793281046755 0.06375521631458289 0.17729567285451228 -0.5358172559439977 -0.43504772517017193 -0.32439957025287847 -0.10556799990535964 -0.19270928136182158 -0.15504759583257588 0.9064431661462851 0.8904524773001348 0.372913256268573 -0.024944194658209184 0.2538460644184639 -0.9387577886809464 -0.2919774047315224 -0.6908774789144404 0.14044369535516144 -0.038403720228344186 -0.37699846826919825 0.4880921685113798 -0.17052171902848012 0.7103023404619596 0.17234628704140417 0.8290743835217806
-1.7209775458691757E-4 0.2706871926028743 0.2637908177623353 -0.8640078001802918 -0.6277863320641158 0.4482172613944406 0.5385893312662748 -0.5291293554510522 -0.9236681117309236 -0.4637698120646877 -0.2779061041884301 -0.18729802668544804 0.7439138250711729 0.16005288069181733 -0.9822227213609829 0.6502716400343376 -0.5209227043289602 0.42229856599686383 0.6266229720914043 -0.7204331019109103 -0.06194040682948396 0.8492291444337523 -0.5838652461401974 0.8136939589380454 0.46823502596816513 -0.18843866452101987 -0.39440616843364484 -0.02337126669694288 0.5803461808586055 -0.668716047671411 0.8717419698304527 0.9081355953280472 -0.9863545822855211 -0.8437323536160631 -0.6850035890873399 0.5332815865128526 -0.931116471566348 0.23186688056916682 -0.2114548858473373 -0.47418514540936396 0.030733241945785146 0.034429371327018954 0.7431152169104422 0.7261721021917427 0.3856494997998326 0.1988890282343043 0.7692670776126815 -0.2677669268322453 -0.5401540557633935 0.5558399983985098 -0.5499594700623505 0.5175392706490817 -0.5083890000643796 -0.3626716813863915 -0.6638874529754675 0.6536990001632349 0.11358507167007581 0.30369956390775044 -0.4497815326116079 -0.730293784446383 0.11685806717337857 0.4766076026346319 0.03386159060334216 -0.015623182703963456
0.06693607462528828 0.5123833408865396 -0.3627914563357961 -0.3827238645799763 -0.6431783129504787 -0.43851832402756863 0.6257035731473112 0.46054860534384984 0.34482930675762313 0.39215032931834565 0.11546510303336752 0.9021746694272776 -0.4593393008641822 0.07808779485672683 0.5187559628451763 0.5320304925906307 -0.16782408653791306 -0.3774088373930251 -0.9274949503683986 0.7578944102474356 -0.5614364780819908 -0.42915092741377364 0.5102689829554572 -0.3752191705371597 0.42849033950560367 -0.4430361615009222 -0.05948872371917436 0.39196741668924784 0.7615571219041043 0.8731625120834858 -0.28266240199034376 0.13277523397912921 -0.5199051872009236 0.7203259545885808 0.33047281055686817 -0.5584646667340842 0.2126156564395553 0.003310594716345945 0.18466196415215813 -0.1425614340051855 0.2379108591882916 -0.5193526306181054 -0.11457627331662347 -0.256387168630968 0.7848716009074456 0.9782899991369856 -0.8571810596671585 0.3050455247155982 0.32121918360496715 0.06561371067021059 0.08386559641212268 -0.7658263935403711 0.242487521560616 0.1331966818478394 -0.15666842184078622 0.6479770475627812 0.1509400249887511 -0.06135472082007354 0.11732777455805396 0.7354888231992306 0.37697426667090794 -0.10273003339680947 0.9330013307678522 -0.12943778923901822
0.5896656295005047 0.5619713491671887 0.6242434174484495 -0.4229609344705728 0.11641137438366544 -0.9275932880938724 -0.10343680726350335 0.10740336269858647 -0.5477709429441993 -0.3264253535234136 -0.4132664172156235 0.10050487046784262 0.1757729379100015 -0.7525030623094526 0.7686828712065276 0.39906690035973047 -0.4262486820222807 -0.15033780284007064 0.9315374256971177 0.5054556391527232 -0.41180541658311043 0.3177549025326257 0.4680460633416143 -0.9757249382642408 0.28559282714463863 -0.08201380706936863 0.056123611306380106 0.4769904222798153 0.19491571358882942 0.9415710102986874 -0.3370396113944717 -0.4822141611885728 -0.8320460476010229 0.38669212301899636 -0.6209306341608885 -0.78581491275253 -0.40390272056990284 0.2781888246791764 0.33856429784415143 0.4422627414681344 -0.05379098723981104 -0.38356695254054507 -0.0097102405795092 0.7810452512815322 0.3048886962125955 0.7524256114618783 -0.6896510133004096 -0.42545784312453777 -0.6002552740270732 -0.6229480209107068 0.6282635950071399 -0.3550706138464313 0.2686525239737491 -0.7089979163368607 0.158835506492907 0.22262086442370688 0.1964830580421699 0.6862230692386031 0.4121810527180138 -0.9955161855735761 -0.12652118525471281 -0.9492846609727335 -0.13992101488630013 -0.14764505530413535
0.8181447573291849 -0.6392954166449611 0.5073144794202673 0.15098504602904902 -0.04638233180945983 -0.904848998937722 0.17705833785393432 0.13337271440752319 0.530023198425287 -0.007181079258693268 0.6203754819866987 0.9047609838514278 0.061546966865686316 -0.625752043190044 0.1771971787803368 0.39948847257224335 -0.2893295683983478 0.4181072210438195 0.4629749852613971 -0.40245149700024135 -0.6975260007273758 0.1964170099751375 0.12492868102872026 0.00486855189476291 0.577978532926599 -0.4734398783637595 0.044813598382406505 -0.7301836795354146 0.7108424962840619 0.20185200979012907 0.6450220358114038 0.7685983337090017 0.0048535402758846935 0.6446044773305193 -0.7792356742458102 0.15162595314075497 0.19329310510680098 0.5188838807704934 -0.4765692759009365 0.09094634716848782 -0.16692855830055117 -0.20862289025541705 -0.6560925836458994 -0.28931740488140156 -0.5292375854682141 0.9528067077911799 0.4112619143286407 0.5724925163290665 0.07200030465234318 -0.6075401182528495 -0.004448513990454872 -0.17278047069351624 0.10095195794677086 0.45465552701496614 0.8387275065686053 0.612958205491076 -0.3345092956627834 0.5907292131363221 -0.18535425726993493 -0.4173203506136511 -0.8512141419864045 -0.11580849503560718 -0.8388122713096143 -0.4727168955244079
-0.3403313985554687 -0.6121880846072228 -0.9712585642727976 -0.3395027406046802 0.5093685802752494 -0.044509081994724406 0.39941464121913295 -0.007252426432096012 0.21210420666707197 0.47498807529353404 -0.16071024372764953 0.6116961312174889 -0.18372760063172344 0.18323725421485818 0.3750463529584469 -0.5222418200094948 -0.06843118186121322 0.3121610161583228 0.6029592417254213 -0.5712715080832514 0.3425488642148202 0.20382832899422393 -0.75553118286322 -0.8244149816375943 -0.42903016977884745 -0.073396125008399 -0.3933939403508044 -0.06781713073868026 -0.2767798054709395 0.8188589962034265 -0.4207111316520718 0.0805339223108167 0.7327231055605229 0.17546724082408469 -0.0550263910280129 -0.15797898223198456 -0.1320491093078191 -0.1491386897302458 -0.7527565747469913 0.43646842221622634 0.5957884222346777 -0.6910392175566337 0.025299777842693803 0.9533829824935892 0.03480274232507982 -0.32487068343356607 -0.4077384720107128 -0.10613716274034979 -0.5573564747374933 -0.09752935589057565 0.3939046578442087 0.6397662444408239 -0.21399375498758988 0.5051257012948481 0.895190005079699 -0.2673026352558706 -0.042054389007208474 -0.5385278857736816 -0.8086996594718033 -0.9688842370306917 -0.23684032130689311 0.12156943657864089 0.061873282259210925 -0.6808429244591491
0.43047887353913117 -0.28033213021645226 -0.7915387278977224 -0.06012099754818889 0.11536188943681773 0.6136860312431113 0.5357838721096595 0.9232238955059175 -0.17639139161434447 -0.43265294887749284 0.49102697940652895 0.534889614209296 -0.6721450800750215 0.9089688219657569 -0.8251492704784807 -0.8735273451499479 -0.6180949655658395 0.5094683325841496 -0.5384004973442501 0.34904956083887295 -0.7349476226859126 0.5469394076014904 -0.6986492776830252 0.47305689556016123 0.18639494478234742 0.5631819539717238 0.33871616563738516 -0.01237769587353705 -0.6656838923103143 -0.3387605589958235 0.40614167936134926 0.38622359993716865 -0.3705381596414957 0.6823017308982976 -0.17930161339811376 0.40809521625020095 0.002821167222054296 -0.7974272780122037 0.7835771969829348 -0.31719822469504305 0.7731018508498101 -0.0890155943598887 -0.43772006948265574 0.607737872338717 0.42244648121736805 -0.16817306023099918 0.5654370180509409 -0.19666327601470732 0.28604278912060926 0.4400190905950072 0.46747147850653653 0.15080176218787741 0.10691519099128333 -0.575814656807221 -0.8612277123305788 -0.626499173478793 -0.8572303555345588 0.9452446881851694 -0.34551216022230324 0.36638522816825303 0.6163642185231506 -0.18187452156484168 0.30588705475561595 0.6328483156104912
0.2756555956741124 0.7560176901550372 0.2781510086073191 0.041824793524513626 0.30915121240194904 -0.29372026529321316 0.31371902771161153 -0.556325327560836 -0.05765919113866405 -0.6377992314512166 -0.6190906818884944 0.08196323801613414 0.02066597412402721 -0.25972882055907165 -0.852244758693921 0.8850000121550191 0.2429225727801015 0.20218581587556786 0.742235388846859 0.868081436904057 -0.6841704874671473 -0.17785422296898687 -0.5953935466435278 0.38072686062422684 -0.13775754388491435 -0.04590147312392308 -0.2569371911856765 -0.7551465620175151 -0.5000173495968115 0.2711135191742842 -0.10439763034401123 0.7323701377485574 0.8717502529062999 0.16593014314010454 -0.7517623498037465 0.3684223994531144 0.5541818832640033 -0.37050144319332046 0.23626789325864506 0.14000073073018174 -0.6728975410114932 -0.09757081798437707 -0.21772242133954767 0.32694798238029643 0.1861766071525819 -0.6358702946755583 0.3757715504401296 0.510420776638842 -0.17746796299538956 -0.1230575499663162 0.8283405481611801 0.253555454347439 -0.6767524048948704 0.5281937237451452 -0.7905770021488325 -0.013532604225346667 0.9133645314382818 0.4084416973709352 0.19130405590750038 0.10317469267200749 0.6924945116832348 -0.30406997346902376 0.6876239011850624 0.4654457406638617
0.20038323155898247 -0.33736754806200153 -0.024519522430015057 -0.9509087570162302 0.38139002809026423 -0.8820724923758452 -0.3523495879190547 0.7712727986043632 0.07172676608555596 -0.6416368438420164 0.6219455490898957 -0.28199544282925104 0.06954787667010187 0.2536772622833613 0.46124924857228977 -0.044187385094282265 -0.786762939231351 -0.20159684180075943 0.1890215914719402 -0.9987071731967045 0.5013609994775508 0.3607782692823832 -0.27725166636399096 -0.5604093911937663 0.9544097780573859 0.8909612721900579 0.4449294087231168 -0.2573752071060959 0.6895304766696247 -0.1064991764767027 0.7061281500907048 0.0767718939454689 -0.34713718405553473 0.4209891375593589 -0.5285039160237823 0.4960680568402964 0.6221367495447423 0.8009734568741077 -0.04702023679808398 -0.24115033041871967 0.11158008513231815 -0.6267838072049883 -0.7168780780970854 0.29695860857609063 0.6307540927251825 -0.4524057745289835 -0.5053863217239589 -0.27270496597639 -0.45838289638281626 -0.6906785062315735 -0.5244312474838376 0.46011005700309543 0.16868727309700526 -0.5643607111809247 -0.9334261133769665 0.26917798769890583 0.10893134041545705 -0.7058847069891926 0.23768125946395685 0.575297502034063 -0.5631914461036291 -0.8526995314139909 0.23330551361113572 -0.5052711430756269
-0.5787521079546283 -0.7121520037957688 0.059850274515177465 0.966901728742694 0.3202519202688284 0.23371767673571178 -0.8211787363822292 -0.3667599470377696 0.4038418480005266 0.4439938652219652 0.9669551201209778 0.3538146848491288 0.19841233340736444 0.8713652076046041 -0.49941369343545206 0.23673559251117157 0.7333166564499333 0.7647334095680085 -0.7912053513597949 0.4300879352824476 0.29196363816511384 -0.7225641673448141 0.35593113236399 -0.17473863391424338 -0.02828060874944982 -0.3263434535226037 0.44627142651574503 0.9560937785063867 -0.2391720024721233 0.5611353177356294 0.3777740577503983 -0.3461817387242543 0.016922365361968006 0.5848191833890177 0.6181445973498148 -0.4785770603202176 0.6342930690121807 0.3565924415620774 -0.2671185395089799 0.4486855770856141 0.2303751700767818 0.1788574151105391 -0.08771428886213177 0.4325573143549275 0.11631660975727787 -0.23188055654194048 0.9741458673322528 0.8476347164041667 -0.24319466107457055 -0.10265516143695198 -0.5326027168029939 0.8307327574822894 -0.24878894468262586 -0.1851296112111455 -0.2662256404553449 -0.9869647952259004 0.47449638653577514 0.8327878191978153 0.10678595541535274 0.732969223409885 -0.3017936888503288 -0.7639312869871496 -0.6538953439918386 -0.6385796973780625
0.27578737345397325 -0.44085469511017017 -0.9175654934507018 0.6563579602179959 0.6980022704295481 -0.05808214954449531 -0.34780965551087234 0.4721088009255885 -0.3285839521909445 0.6383747271681428 0.5112431916801827 -0.0664025202888282 -0.6089385418019924 -0.4672770965072237 0.26133570738483697 -0.3327338138217994 -0.020332510991576923 -0.34975990615284397 0.2942701335089513 -0.6127944331597541 0.15674688733154346 0.16341344365544433 0.9526231920539397 -0.4989327187536728 0.6507365719714108 -0.08296303777814595 -0.963937646085312 0.013892615475062136 -0.8623428833234592 0.12529232406913518 -0.581116661412592 -0.8978586918293319
0.885654659995637 0.8222661210848021 -0.590163389490098 -0.7657918091460161 0.14105646033512081 -0.38964598660536753 -0.08363941086496679 0.8754006601107746 0.8490739636668443 -0.17816467797419264 -0.14332313922748857 0.009472228740190075 0.3550958007727365 0.15552789181394489 -0.2943008977918168 0.4282728680634149 0.7936516414814956 -0.4232941524344434 -0.405663181042831 0.6389531230153168 0.4188234530002841 0.4552663929827277 0.19835011539841574 0.5445722219810911 -0.6507901742939387 0.6100328302669804 0.08986701489610598 0.2518726236515777 -0.4633110352241014 0.9217594249876997 0.05404184093180575 -0.48723523027400323
-0.6017665390117715 0.8779099012798923 0.2823537969900103 0.24515611196036102 0.07166205314537791 -0.08526097003537016 0.3643022004070531 0.8486149861366282 -0.6302705199326921 0.7642736254507929 -0.6548744474887708 0.35895824701999124 0.001540011311638393 -0.056200863718214034 0.29599703541545475 -0.21758098169126294 -0.8511174462644945 0.09550836843003178 -0.70007563603122 -0.5091858298175551 -0.35483542514463495 0.9828608807569545 0.4965361259353014 0.4207503167598387 0.797942003682528 -0.896744620763972 -0.0398397336687147 0.6486849536937973 0.009289722816741617 -0.4584785921823616 0.9921516469987187 0.45481889820330945
0.18499469997015588 0.4481291577403764 -0.067478692948602 -0.15551141839747523 -0.052613825208786665 0.1338062682367686 -0.8076508355969501 0.3758890802123267 0.6885747822347696 0.7663428526448602 -0.3365410963167902 0.014083930343491145 0.6803166739073608 0.47384693617247664 -0.8985424620206399 0.183391787921126 -0.11668820537967761 -0.2761932155575632 0.7600579989719694 -0.279798394108474 -0.3718739831271611 -0.5066544674371206 -0.7519120503433451 0.43399674766292584 0.2520363800315446 0.4188726542196566 0.5388865354967511 -0.09006196020382931 -0.08769265888458326 0.47963789419559855 -0.3208585300366238 -0.885528816132621
-0.8082696690341632 -0.19105172692395148 -0.3118067603479794 -0.04314098713111241 -0.13487775694785045 0.8282502939311276 0.837765752295446 0.683718051678393 0.13243140239757328 -0.034235632297664395 -0.7903255352504497 0.8546036993629236 0.46454338811361207 -0.8195161507389674 0.9236203723991911 0.7342605914377991 -0.7198674382825561 0.3878600112725311 -0.7616097947295015 0.3088029367657169 0.18524270563561318 0.5782706605745507 0.7071727819187158 -0.325266324782328 0.5761536652136783 0.7105779370819236 -0.009745857833465868 0.0052693425867608844 -0.559347033764519 -0.8402021791323441 -0.5140318947735724 -0.7083524572676761 -0.230344267644108 -0.4561699304518152 0.411418452772329 0.30178897244528075 -0.253370022469402 -0.3330006614302562 0.5432768976338196 0.35463592426710144 -0.7126560528313259 0.7370511763955719 -0.04580789837767374 0.9439028023807566 0.4651959714886783 0.255324878759686 -0.5409759290847126 0.48836249561181777 0.8677753345076651 0.2694237971766924 -0.8259116846153494 -0.3831451719873136 -0.6374639854916702 0.541312743497735 -0.19487730213093754 0.004863212122553209 0.8414179114748962 0.14568350346227282 -0.8974819173791891 -0.38502821248057256 -0.6479434577224109 -0.19970746096462863 -0.47793422318408224 0.46884698815435133
-0.04692558412503945 -0.6699980912499639 0.814002023084074 -0.16413938945805095 0.6819760364787681 -0.5610545889993332 0.8011051349440896 0.6286733544622821 0.4503946310773046 0.19404656691559177 -0.648108915879771 -0.10079306337921023 0.10863775557495114 0.47888164975103886 0.41040838113388084 0.5896629708143782 -0.24071794969149546 -0.47807108586718694 -0.33775341016739746 -0.13619119213551548 0.014587720750545985 0.2746128361788761 0.0515085689127035 0.7771788905155472 0.023427043464611434 0.8839265355595232 0.43089427066100794 -0.5463685551556201 -0.6068801892982283 -0.27413058798018963 0.6292059411244313 0.2018920604315711
0.5953769411263158 0.4990511760343883 0.6221232198612915 0.9269925645944291
