Strpljivi
2
12
70
35
4
-0.3309133488533875 0.7157944491941591 0.5456838052459508 -0.20579166203670246 -0.16151299211698567 0.28110953262414573 0.547220660553873 -0.5713250324514153 -0.5222358923271436 0.16957735217099418 0.33493603423938306 -0.09511999423879873
-0.7879842923021159 0.4112422289525137 0.47807760001538924 -0.22534684324553003 -0.44086284386132557 0.13143281116433472 -0.8331911110977301 -0.918963234379244 0.15820168668153115 -0.29431988792539815 0.09453273732766287 0.34963719118626935
0.13411518358429694 -0.5762270339138418 -0.7768672207847184 0.9282008778096442 0.025578473391187906 0.1162394324555509 0.6617447372802344 0.12094761627645734 -0.6887147972822227 -0.12817390309408935 0.8469466255008056 -0.554116885440267
0.9046968842933378 0.3650169638754104 0.018848457507625222 -0.37315631489780793 -0.04824675328667216 0.5882807388692235 -0.3825524519202306 -0.4925941987168444 -0.5162257964596195 -0.12580804486181357 0.6480544616773583 -0.47646357912009357
0.14655936403770164 0.17588028347384532 0.031246669626294285 -0.36030611319746164 0.5860788446903556 -0.27655717324363666 0.49797447117682847 -0.0024790218151627607 -0.23398481816757347 0.3081637661531894 0.7460675236054597 0.31863707421554915
-0.2666877173169231 -0.013664835519594475 0.19918063386612087 -0.5273509978292145 -0.2571343056620936 -0.2513411478175521 0.8110130508880384 0.949255391296595 -0.9387647062898961 0.09910066066472467 0.09352474578414995 0.4763688939228118
0.30663626069584154 0.2124045016962332 0.056917555703250855 0.5950624265336344 -0.41916724257234744 0.25838287482672406 -0.0855420752124835 -0.43629451029491634 -0.03913336489162137 0.23644409007844508 0.2125585536007113 -0.29649427570687187
-0.16700459146492241 0.5556113530046074 -0.532674474244272 -0.7066341915269364 0.4520728720982813 0.2510324357121246 0.2552625783672368 0.1838981785495786 0.4542456858395242 0.16847207889638516 0.15799131125908658 -0.2531159126170087
0.7469586905454731 -0.27859409160900317 0.6982018702693955 -0.4416493015893488 -0.01594341990952286 -0.14795030516748936 -0.0841185247441707 -0.48733066721756013 0.5291535790205549 0.814704667663822 -0.29157296556577744 -0.8201419943324322
0.14197318028542316 -0.8019957644123151 -0.8699625790357717 0.46752571742922866 -0.20373514490620614 -0.18439067866625375 0.3163190720992288 -0.4392645731340139 -0.5625690533651732 -0.16612283862826605 0.5960685350969669 0.25206227782668333
0.5200053110823812 -0.6464894280217548 0.17581560778527078 -0.39818065757361165 -0.5788923169503206 -0.39729346880257993 -0.37746568927669777 0.726295739120618 -0.5652266493740237 0.6893601336749957 0.5053361464888044 0.023122198186797782
0.6250948662268672 0.28161047460859623 -0.27400614055481703 0.46841513450094147 0.29455741713254613 0.5203117509539062 0.2674984130752662 -0.4516943130940934 -0.8525306248203981 -0.4926708478159403 0.9113129523119506 0.2830050526877451
-0.5122296156764115 -0.46284401798288943 0.9490990202345558 0.9164371556262936 -0.7688326208842777 0.39007301970185954 -0.36511982675343596 0.6100325966473488 -0.7450640803388501 0.3116856005736607 -0.16735267363660156 -0.3914008696873891
-0.6603286422249804 -0.04914391015655819 0.7150607759089088 -0.6467615380122617 0.25772440015538717 0.5003417713186805 0.5781295579463585 0.5187022190538731 -0.8751641258511006 -0.42515326509481405 0.15261866874457958 -0.767207257722386
-0.25505690715527357 -0.8172407777409963 -0.011492634587663836 -0.5784401361107265 0.514668627934622 -0.32062298887133966 -0.47324346965580893 -0.2333939130281191 -0.6056353682892086 -0.6606069381101152 0.6713121819232497 0.07926661218614872
0.03337148064094789 0.7909960758850452 -0.19851418301965174 0.6253530380400468 -0.14414959080748257 -0.5995696331932413 0.6564775946631443 0.09387879563121726 -0.15810398672522508 0.15888531657239158 -0.47407865333081634 -0.792807095216163
0.02094456123120718 0.6249064574125379 0.015972701982201132 0.16603563026215015 0.5479659410740061 0.7701616232569145 -0.18975002322916432 -0.07962990734702584 -0.2549991519434613 -0.4160992266841141 -0.20994103490546748 -0.7636373653369386
-0.19571941833312484 -0.32421992080786216 0.2831140630987532 -0.22523573311603173 -0.773723194458342 -0.09171317624800666 -0.24674308784363028 0.43620156206660377 -0.826219914244279 0.5261939128981745 0.5272166801365761 0.8136079850849723
0.41650998084991275 0.7981401982930355 0.3649141097516245 -0.8235716109982589 -0.1130916496337917 0.16659028011609528 0.12874902751493644 0.46523682031475677 -0.3298640759964655 -0.32968843918895524 0.5864248123793115 -0.20922009864721725
-0.12070765763653954 0.22889415884254594 0.08690019348825168 0.4588810674366078 -0.8180380181528641 -0.9991270922879155 0.3897462046993645 -0.9881360022558643 -0.8454370734206373 0.416198824977253 -0.034824866744741514 -0.6373316408630766
0.3089435455394369 -0.03446119894102614 -0.3441405968731919 -0.6045390278659776 0.42553637408344297 -0.006066207903875495 -0.7248766865054006 0.2583780947873335 0.7227201533696221 -0.949297114335119 -0.17886447480504497 -0.27953670200411995
0.5297945402797904 -0.6363708531969554 0.767832143797857 0.7690876513022461 0.013858731779990651 0.19509916027184282 0.2844703227882449 0.15951670889640746 0.9761694259196725 0.24841973451717336 -0.287835030394797 -0.429527305172528
0.5922518846718575 -0.4153046566650373 0.24676108200885793 0.8632201620769392 -0.7443790088176797 0.546548566033433 -0.06230102282604606 -0.6593537446375731 0.8429127402732461 -0.08889309720452321 -0.4560898089791977 0.5664465402177477
-0.7233345026455305 0.9837219038362989 0.3438827797320052 0.06669815329186826 0.5504905598009858 0.9767476378098451 -0.3130830941262492 0.028912982014675587 0.37359922726615885 0.11122805907998923 -0.004685210613582739 -0.5561022390654459
0.4250006629461395 -0.5902935916147828 -0.9125447550125131 -0.9277526863902932 -0.19608832696059184 0.10492779672871735 0.27892346237397775 -0.10691217548157263 0.905978220569084 0.5727328951561175 -0.14037760972862967 -0.16529618983622196
0.12887080338365983 0.49820284192821646 0.23341982404353692 -0.6359273630714877 0.8266425345495156 -0.6771915976458285 -0.3354712665846381 0.5267472842459925 0.07844676728113101 -0.4570242910986022 0.2332753224805464 -0.8796549626046832
0.4023037026537828 -0.03543014503186018 0.005010839006107696 0.04017394530914942 -0.5733558786368242 0.45184520835904946 -0.14400681284565156 -0.1780109248182587 0.3893635419392589 0.2525042236225457 0.3224317499270276 0.30314873374152074
0.9489006820866526 -0.7566656684508506 -0.3664273422616776 0.1799479949920051 -0.07700973389394439 0.4030210011433056 0.11240492883503217 -0.5957274935129749 0.5148486811626741 0.24274781267274848 -0.2177446280580155 -0.43785733060887516
-0.8493142038408824 0.22390649576882968 0.09952650341139319 0.900727547824665 0.2477556529006622 0.5583350561176417 0.4270673716541204 0.37813113208640703 -0.36240163183145496 -0.6324173795376088 -0.15077879761507088 -0.7285662276882027
0.31057113511096296 0.2138399127407658 0.8554933214969054 -0.1881450166607599 -0.3983402087848153 0.45128662587414126 0.700735138591442 -0.5180577513781752 0.988907744026339 -0.875979667826942 0.02008757360596277 -0.1921299259367196
0.6186504060133367 -0.9200242952384273 -0.6107900139368442 0.8013563260447782 0.512452133787842 -0.35697912287530953 -0.5240579568118311 0.09848704110887929 0.09834955978356374 0.16678457329784388 0.3056919283286032 0.5713387896417881
0.672480264768899 0.28367805785331685 0.8142179651873924 -0.5204642952523384 -0.9828471546334392 0.4713275248657012 -0.1672911122594707 0.8361950650594984 -0.2328653584747084 0.0887086435553176 0.009776036282283823 0.6619890784867827
0.8248374146737709 -0.34310175002512494 -0.46797516900264274 -0.43968257109340025 0.5564172146291337 0.40908999186481654 -0.13554580998037302 -0.031046952071858095 -0.8148394122220627 0.0488753175766226 0.30615701552726227 0.38287406800563284
-0.17666577820199048 0.6388098407796391 -0.9509193126373618 0.28987326775325445 0.175204018106245 0.027187087785174043 0.3056981394327374 -0.19650825495040133 0.19516888273457086 0.47532816521173576 0.7771589061381297 -0.7631951603216733
0.047208325252698906 0.5251712955350769 -0.3582817267286103 -0.8927284684337875 0.28200583170176413 -0.04215977256501867 -0.1734980396500891 0.8832579014807544 -0.3650927789153215 -0.4790089454862768 0.6378843203169469 -0.534706717650741
-0.20095431732243788 0.5116412540864345 -0.6152689429984367 -0.13332717779556044 0.938148815767183 -0.09921243067429891 -0.9595936880774711 0.5835686096563513 -0.8233350222173411 0.4324846959437141 -0.14098774290491933 0.11409326113031595
-0.7524432337029614 0.3963199137085125 0.1302579454401744 0.18545826539846 0.3640685341767667 0.7430696766563742 0.16789024037437295 -0.5179841790515942 0.14528240186529073 -0.9069636939391937 -0.6723122915261348 -0.7147295702816836
-0.1395498567622915 -0.2591959081989589 -0.6261953233673403 -0.36374851573172884 0.20982182793394216 0.03239984781914931 0.01877345457807768 -0.6369129382089123 0.35912701296474764 -0.2213378288268775 0.2829931229607578 -0.550655182407677
-0.12389467480752886 -0.943352419471708 0.787699065471568 0.054127458104152634 -0.30730610816505044 0.08572361903149923 0.14610952759433027 -0.8673218654034631 0.3163158773769094 0.0526047287439486 0.5883615313902104 0.874397739116294
-0.3852910144577281 0.170161857792414 -0.8140909088983739 0.803943379273651 -0.1921759110455568 0.3288433055613309 -0.8620317646231159 0.25911952225594026 0.49545735771072597 0.571028807951135 -0.24423033159659102 -0.13472303461000293
-0.5852076846870463 -0.9942394436147783 0.49654084527396913 0.34534017838135334 0.5393749920416847 0.5805705765677309 0.9271310093828484 0.12774851135978849 0.37366758474053063 -0.7359647078657534 0.2957799897580799 -0.7283985773677978
0.656591383817576 -0.23284375675470095 -0.015245031659616215 0.021383975309131695 0.31212893098287176 -0.8637945829146365 0.9339529926114948 0.7027088840696053 0.7255093765880523 -0.3582022287246874 -0.7834095252505143 0.34158686055525644
0.589620872632725 0.5359735813122408 0.20137902204618172 -0.41113918031951435 -0.5662686528543532 -0.5561708053513501 -0.8260458920698072 -0.18863370194481685 0.6212015775810977 0.30878399613031104 0.727584077234356 -0.6502207063299362
0.6486848839226137 0.7197388842118275 -0.4626480680966521 0.5252258300124016 -0.3416661678454277 0.291768558960268 -0.5296718695083327 -0.5708726403420861 -0.6032702068854782 0.3371493965564769 -0.019949889435190358 0.9585766741888726
-0.23204048159674523 0.9107156283575476 0.12298686703207495 0.01273745923653402 -0.2781863388295251 0.7441971940590363 -0.4860180065345151 -0.8726212911087149 -0.045947355273034854 -0.4759167876549425 0.16774957382567837 -0.6167930303516176
0.10294899204524965 0.2951313695558914 -0.24748549264104658 -0.08652363088491227 0.18768755122713066 -0.5015068398307474 0.8316467505304055 -0.5040571185285366 -0.8222863517473106 0.3519209100893524 0.2885189191158546 0.0669886468639205
0.09580284576577705 -0.8493867162856368 -0.7585224466902041 -0.28756826103785216 -0.9121816021258132 -0.8066511646861195 0.9115225168013465 -0.25218623372699045 0.5742649281441997 0.7565717931109515 0.2883360490251606 0.06593224366124066
-0.1860237151645209 0.4082439740376822 -0.7731260828260029 0.15295543249114224 0.856284710190055 -0.3188742416853294 0.45000480886888417 -0.431726470270968 -0.08324398866547444 -0.20023878201552534 -0.011047109174474823 0.8061005370260184
-0.028041596480092898 -0.6853883800047804 0.432361823515429 0.8047007702485645 0.4940451239748279 0.39225811306176905 0.07963638627524794 0.020844158737031254 -0.062091948072248 -0.07948996140986163 0.6377963840359429 -0.4617439965920789
0.3960427697027814 -0.9293262767633386 -0.48202577356182585 -0.2587449978762859 0.322241564572698 0.3116503746903979 -0.32415553647366013 -0.05763332799115778 0.08351441846747476 -0.4303438371320021 -0.07799838512561438 0.3190326238463443
-0.48056889222869603 -0.8458541602953676 0.13469019276140354 -0.11728021739845669 0.6892710886500429 0.23610608616972095 0.33388927146972563 -0.5239070379685278 0.10521698774261604 -0.10134461046013872 0.34249922540802036 0.5123083453685878
-0.6966979136048457 -0.533609701692523 -0.5498237367314596 -0.19738735633819582 0.8976685331869039 0.5532389024627604 0.48960567113373543 -0.08137084407222503 -0.695165412709025 -0.608396201194929 -0.3959149684318543 -0.7042745554214869
0.05650573603113496 0.09826041736472642 0.3836226591363269 0.9330124172937841 -0.295681650733852 -0.6618512899362947 -0.43510568513439574 0.26846491980474746 -0.889129150776631 -0.05990349965944797 -0.8131750949943994 0.2552286803807464
0.09859369665672281 -0.5993124997662791 -0.6532068261496151 0.6754887167192622 0.5002143945111909 -0.19490184989820636 -0.28155772468655244 -0.6624876661377038 -0.9039040141228223 0.6904676441919958 0.575203397223169 0.6690056855207545
-0.008098640109972657 -0.7786031005358813 0.5283253292416896 -0.6883026248410122 -0.985636030287633 -0.12460365650262539 -0.06986327667130428 -0.3745753799739786 -0.5397559119868367 -0.8532439276735331 -0.9245400170011021 0.3738587493344873
-0.4612099652269073 -0.3327001286228455 0.6095163497684393 -0.43581515588962605 0.7350462734663258 -0.6971385437995282 -0.40643048497950535 -0.37365044121176266 -0.1648646848611344 -0.07913852748334767 0.2274833225760455 0.6331685374938185
-0.15109213553910633 0.2676724296253413 -0.33599820067572217 0.39911737483512716 -0.4414461335384595 -0.39665173533398596 -0.27767290154039054 -0.7389269948936628 -0.563539054392237 0.5904020694942553 -0.3903951847668645 0.49605696599188753
0.8909022813893266 0.21213562533340224 -0.646441220136313 -0.4068210006182493 -0.2764286717132632 -0.4135685424278267 -0.9990770418756757 0.008268286905169332 -0.3896167834733312 -0.3666502786506525 0.7279993989340011 0.02567980972714849
-0.23614067224723678 -0.026452933623431596 0.48622980137366484 -0.056690165664478744 -0.11001854573502808 0.6125538149205175 -0.21244316519780496 0.5335223355663732 0.3131468292809733 0.20138291256748672 0.6173943109746722 -0.17122414103767042
0.4906186693454718 0.9394104785494788 -0.389386658489742 0.9570674052247334 -0.8901861907193811 -0.0043733250962173925 0.741872756228729 0.19772215405987675 0.827741735238683 -0.17467829536064383 -0.029857888823493422 0.7397652544234399
-0.14797955224017845 -0.3216865940875482 -0.10138056055980868 0.47834181632868583 -0.23026220056994665 -0.35015749985073397 0.04323849759724177 0.5981124458313497 0.9121001980701375 -0.9212009154094122 -0.2774298586172535 -0.4012297838522266
-0.2559634122438945 -0.20695937341144302 -0.5838726910983505 -0.25786921861687084 0.5038078088951292 -0.6639614132938132 -0.9986189704789705 -0.8400306197098133 -0.6101135281443052 -0.658534077860121 0.5474071988498844 -0.14469673706566943
-0.06520163033496448 0.6615698495632651 -0.08128749750667152 0.17357586855547485 -0.25706894839930855 -0.15144616839342645 -0.29670703036370694 -0.20712230349661764 0.1097707193046586 0.23706209823928176 0.7417918227012945 0.7632306620809952
-0.4721061944862819 0.2279247095329003 0.49894485350219486 0.4415853059935447 0.018158373272671526 -0.1904799572167339 0.0622618033726719 -0.1900470521964102 0.6869796061752359 -0.9031011960098037 -0.21105523510566093 0.6857842761196282
-0.5568526424272914 -0.8016916163056 0.8904382890554314 -0.9086976157370394 -0.5030643970849795 -0.9908126595450788 0.48216071095693525 -0.7760803810156635 0.21729317561151937 -0.45007783433233123 -0.25820274656024306 -0.1864616343188388
-0.04133210518204985 0.7404873238011054 0.3350708875068146 -0.6869404366282953 -0.6692899952440938 0.08939688365615672 -0.25449139767337153 -0.05776080384020453 0.3604565863327732 -0.3164547655237524 -0.44974248685630175 -0.8742235481702687
0.6102511756108163 0.2995123442058829 -0.30613273239794825 0.3934517123397325 0.5580757816933151 -0.6205786623438451 0.8487398062584376 -0.13963198777084243 0.4613355749819877 0.14495214592554517 0.6026070938451699 -0.18125064117412298
-0.2915114625890791 0.3838839344245807 0.08039084206510153 0.02141062947119677 0.7322953500056825 -0.9074190690048675 -0.8021581888075275 0.24679986916289953 0.8488440674527592 -0.0024594029225220027 -0.5707570726282399 0.10710174217086364
-0.5445869668624062 -0.20396907685513072 0.4294146443575497 0.2715984483734833 0.26655343415369886 -0.858321422759134 -0.24723946196386196 0.15351187991495888 0.31892854651809843 0.28621913762959555 0.2957661007012669 0.7509360510498407
0.7743511725120077 -0.7039671710056226 -0.45100325620485276 -0.21283890031056002 0.3994865063442636 -0.5261281396697237 -0.5449581897996946 -0.7917398782501015 -0.28448853125437396 -0.7700975714797781 0.09018005752305719 -0.4927639028872754
0.09739948697616832 -0.9532038322118753 0.76853876748577 0.5753590123063722 0.25733093400918744 -0.48241933387855357 -0.850487606836399 -0.2017438286795852 -0.21116677133817915 -0.7739762073019405 -0.1644913299307432 -0.942350035181169 0.981708609291716 0.786109694683743 -0.3721026654400541 0.4165180564675736 -0.2617115552576895 0.2690710861337634 -0.15340186120344504 -0.37343746299954017 -0.08407882204402571 -0.6237766756504518 -0.041382226233069405 -0.8697555583852843 0.514604491793724 0.2477740401592219 0.11363515091406318 -0.7317376408413485 0.13180997686736262 -0.018795509158073233 0.7505714687492149 -0.846908676974334 0.12100449108022915 -0.1694833963869452 -0.1703348572773855 -0.8843454843853059 -0.7238508072334295 -0.8060629428470589 -0.04277525107300656 0.6543463820334677 0.6393218400422795 -0.19397813820636414 0.057023469251713754 -0.37459842472002064 -0.9712175952877639 -0.11397936284995604 -0.4488227986377527 0.4170519306902154 0.199884867368331 0.8517195935165367 -0.2597018259446585 -0.18702223341474344 -0.15494900533106537 -0.5693798006164994 -0.5222775875345497 -0.9016590037312764 0.7063242155371527 0.40550739840534017 0.5098007770593495 -0.03878841883949702 -0.8602104828322251 0.06974468244802648 0.7518630497278977 0.3874051759186615 -0.33209213344050087 0.18714366897086804 -0.4368334750316117 0.4494698024817816 -0.2456430184106507 0.448149554363874
0.0398897883473821 -0.014808304516631367 -0.2522975748583965 -0.08576048737469258 -0.7524576743240362 -0.2996822227326541 0.3181041250040411 -0.962890458707542 -0.3700803738332462 0.8626291657009324 -0.5720608019996885 -0.6346840589191332 0.5453816084088636 0.06523506093616066 -0.8327313066386186 -0.3350458880143378 -0.6683215282584799 -0.02000452224500501 -0.8439584554922898 -0.005495671813483923 -0.24296651142822812 0.6636237268504015 0.3232187136487688 -0.08277674968775621 -0.040358370361386495 0.22748094958601442 0.7541133126636497 -0.16925771607938425 -0.595251203205491 -0.23034130497338703 0.5486737167058605 0.40736309139699 0.49314783787962796 -0.36644695710152375 -0.15744552568078 0.06820080109020976 -0.9895186167715858 0.7146679601516629 0.6535366608103814 -0.43125752341966994 0.6863529896184455 0.4931210877688694 0.36602824883864393 0.403072776654665 -0.27065222938933 0.6560816438211727 -0.2411882183652216 -0.8137424611493893 0.47808774534666676 -0.25256347029714155 0.6984884274342177 -0.04461667688273335 -0.6813851063619132 -0.1596374439088586 -0.7552745703131831 -0.839081617361228 0.727723856209055 -0.59947116725486 -0.006265130545360265 -0.9325901132142891 -0.25510154223471526 -0.42152082391789625 -0.14735210051371123 0.19055649119920398 -0.247393511984227 0.920732521747105 -0.39208711693949233 0.8679658933322496 0.5463106029946727 -0.340723349549896
0.8128606876260439 0.670760018485963 0.918535671702585 -0.45462243688257165 0.6484024963093794 -0.2081693288817426 -0.061471436853370864 -0.4016343427500298 0.44842851782461435 0.8840427668954604 0.5868581554173908 -0.24581081864510965 -0.09251164984155169 -0.3974411511799844 0.5524822385053748 -0.40172015177110365 0.7576860607869441 -0.1182594468962087 0.9886679333473318 -0.37210013783696416 0.9510459924603212 -0.20683482521974075 0.17399394359124476 0.7738420125729327 0.46157930931149166 0.5353132508434153 0.16874540031202767 0.76897666802413 -0.7501167600399428 0.548115862159041 0.45777986297419515 -0.9106401390599326 0.34354019634485794 -0.7292859618998891 0.4700356898021258 0.005566913325999418 -0.4839710674007239 0.790391596184425 -0.2641331396338378 0.3791096031911009 0.5581198346837426 -0.15702972402064827 -0.5408328534894719 -0.8486020109038667 0.320336035440422 -0.8473293305178737 0.21445811806784007 0.7820075709586255 0.9461974888856897 -0.05841828916000562 0.757358017057517 -0.29930423683872065 -0.06918047290434355 -0.4655006541953513 -0.2538650218718368 0.8795592662962822 0.010779692898852554 0.212651861038353 -0.2275268052020013 0.6878645863752264 -0.732238319214518 0.23496702825208685 -0.7784565721505846 0.1959706368802328 0.2328464200692872 -0.25813657648437427 0.46716177075098764 -0.13146374323635104 -0.37550005646269985 0.01559709699382894
0.5144459317834992 -0.16874391576729172 0.4057732101778304 0.1549036911010796 -0.009700014614663873 0.13847509642936595 -0.23501714111369582 0.7743104099461157 0.42353857350147606 -0.5409923369007775 -0.5433909706268217 0.058717086434426385 -0.6848276844155311 -0.27234955252941057 -0.4230829945811636 0.6155637497580265 0.9546695581075222 0.1507227548335814 0.18767801607913537 0.7223049917621278 0.8844316228409808 -0.02763069368882687 -0.5783278607819979 0.646511421130943 -0.6143893112826709 -0.7511391199314554 -0.5364164167388475 0.2062894957143003 0.27844288694853214 0.3002860871035063 -0.7606148573290651 0.9437910625359971 0.24802680064892824 -0.3071464035474724 -0.20888450924986515 -0.21688219360642202 -0.02445372121664771 0.2308450896233346 0.37569150810344465 -0.015420021130973769 -0.46017498528462053 -0.22889396072969911 0.5460322300345558 -0.28169805174296614 0.48240307743597216 -0.7050214023116015 -0.7215979999207478 -0.24494778338049664 -0.07287078734828323 -0.6698311571554534 -0.23219444340800788 0.4568253006742762 -0.4190969587055539 0.15855390732675123 -0.4537138856150062 0.14416889466144356 0.4567778817472645 0.5768816617211189 -0.8075159823676435 -0.36356953640469336 0.019875118078218512 -0.32552744368931624 0.027492013975646823 -0.40799543835525176 0.14197719747514057 -0.29014336192686724 0.07700007210569956 0.4990569452872029 0.5839127378628005 -0.7782528453436306
-0.22392330768479435 -0.31830469670725725 0.7717137163553416 -0.5222740751885953 -0.460215784155048 -0.16306024312865802 0.21370779899213296 0.23458458774012195 -0.6594417227131932 0.2547775684131189 0.06947108255554069 0.14558039134992945 0.5493544569358283 -0.27497533407046126 -0.7355602492908142 0.016800942950681606 -0.7369554942342719 0.9608981545306415 0.4945600858694211 -0.08425079765241694 0.16326485984755834 0.3171635441082546 -0.7269457236673202 -0.4071413908793224 0.009471793615787078 -0.3828953946964607 0.5144124447646305 0.6534880268111734 -0.4709590786186474 0.26909138523974707 -0.1425375402081353 0.565497059259058 -0.2541511211288924 -0.22730344779757838 0.7621912410486799 0.7686496482099099 0.08092292300907583 0.018904133730409656 0.8478503716622248 0.3069502046568525 0.9980664021317962 0.2774887399448369 0.6306432851981567 -0.5275883853598484 0.6596337669338957 -0.5090890410988019 -0.7583283382102299 -0.7579175888906603 -0.27781351262695914 0.7606996191973602 -0.609905530930472 -0.23681294555735488 0.4720427318482716 0.13185796088327603 0.6795322750742245 -0.45406204235510567 0.4298798223408041 6.1399489505512E-4 0.5093261060821006 0.8860138211400227 0.6468971029338445 0.6622931265733484 0.6205664409106633 -0.5045864418205394 -0.7208773758145863 -0.18826443912400537 -0.06001234350184492 -0.41494894859387005 -0.5766480317828789 0.9153684164912624
0.2901286057633399 -0.10894272971995148 0.41702404054448894 0.6524349662452378 -0.4556054848564703 0.9117563938775572 -0.7082590738482775 0.2802869955467389 0.8787481346565316 -0.32080742336892765 -0.893907021482989 -0.4627629597299824 0.5381647333752315 -0.25103588927192 -0.6734858056510933 0.9276081467763091 -0.744020245498829 -0.45343752951711525 0.36342381741628216 0.21478561856349543 -0.16452915902082493 0.40866977299328866 0.7707086319963901 0.25843340765349965 -0.8400918454665084 -0.2693986965701706 -0.4708165578094901 -0.42835510818340095 0.17520209418469393 -0.24108608351763489 0.588872483014478 -0.1737760348570095 0.2862367278814351 0.17811061948039703 0.5772804947151011 0.7331644783978386 -0.838439922996064 0.23079548942631686 -0.4898745919784394 -0.36804016081423047 0.9018301533852259 -0.481884283634298 -0.39242575013871916 0.07184585323998441 -0.12481778066870042 0.1523615943458121 0.30806475991884263 -0.190793938969819 0.29239950343326615 0.08920546473566526 0.6614013585231274 0.17378324791453906 -0.9800599709859932 0.879212895997069 -0.4577640946422191 0.11996165048452131 -0.07304790669970763 0.0799710073742702 0.11312206510593581 0.10537120669156086 -0.6382927851669755 0.3778848003405107 0.3483789601297543 -0.0320827816503344 -0.8359823698550958 -0.4867157212399846 0.6737215098510876 0.22493455090497388 0.629997808182561 -0.6211841143516587
-0.6771918230723101 0.34170963001163335 -0.10181258001050027 -0.6447634033707066 -0.1464332430059413 0.8157221302804586 0.5516943366638302 -0.8363256464284311 0.8001282248751604 0.07489081899812447 -0.06250805180039393 0.47090629305741927 0.023285924951445536 -0.8908257195542347 0.5286351229080011 -0.46082745648966505 -0.4838885470470057 -0.5558595816837004 -0.13784304089777255 -0.421621741331452 -0.35838532435770526 0.7024097867091632 0.100621353208209 -0.7502077385966841 -0.5915588260717003 0.3453204079867274 0.22282461375831164 -0.4578123028468446 0.5204936680205698 -0.402440235006482 -0.8302373680932843 0.28465027450482466 0.2242197071317269 -0.019977611214540114 0.4647738229047924 0.5709373784153177 -0.19507829116042052 -0.73017168000635 0.30905103711554 0.03935659851579678 0.5234346440085702 -0.056790888624952296 0.24107784685547026 -0.04026578005662032 -0.07360469394412775 -0.40982908321735295 0.9013722405294472 -0.6629013906682159 0.686647078947852 0.48640332364741623 0.7274240545094475 -0.7832693526779083 -0.14792022966608898 0.27699273070954267 0.14569895927980084 0.3373735096313435 0.276733133785153 0.4863907092158011 0.9271642955689436 -0.8873541971861088 -0.04944189068201747 0.723248430784068 0.8519516039894542 0.24598021793941235 -0.03699935575209536 0.3156920154374485 -0.7651001322991546 0.02936728930912256 -0.24626335556045273 -0.26170269873026714
0.11145537759606111 0.15249331195132604 -0.5042448357447299 0.30542717504815137 -0.6514412120187518 -0.2541748947852855 0.3533356808596608 0.2024368181434822 0.07735885309310331 0.2771152964553172 -0.0019523284818883347 -0.7332345205004794 -0.4368389036226481 -0.16025597050405174 0.365055603757855 0.24750400711349674 -0.5106925095960297 0.2051932171126949 0.23862073567582226 0.839110372789483 -0.3032038926493361 -0.7315008750922803 0.2512196263907328 -0.047402096697991364 -0.08752274574659011 0.6733259481184561 -0.18880761090413778 0.9943648389234371 -0.01711340579229484 0.3347186089171059 -0.2878315636314985 -0.3364875371283732 -0.13390380531791954 -0.9921176977726252 -0.42200736864234695 0.9315894792056463 -0.9182846946145581 0.8713708041749402 0.45524132361811986 -0.7983176687813338 0.9480239943309315 0.8205232281574044 0.004887964651322241 0.19072432925780491 -0.4744829928239504 -0.7057799949679574 0.46694747422404226 0.6156538012906085 -0.05765291011914475 0.12494448100577046 -0.35916896513862406 -0.08764138566638618 -0.5628331579484638 0.8048187325175951 -0.3774822559548463 0.5977967704260339 0.025885620984499303 0.3402313898202274 -0.864291216601164 0.07733237587475306 0.26240768294205996 -0.19551996788029974 -0.29536513369961087 0.05495807976669112 0.17616032387722047 -0.13765270174408228 0.5141361730453362 0.47349487221764136 -0.6031356938941426 -0.5653453879357183
-0.6914175321287648 0.8307937693557718 -0.7223481257351395 0.5076415360860681 -0.16656597733939837 0.8127854300960891 0.3346595415303585 0.41743118134627305 -0.9011409079554631 -0.7565978854644466 0.8839610056860984 -0.14838285892304692 -0.7189176471460523 -0.9497338279375196 0.4443468016754619 -0.2989797871645956 -0.20071681674051306 -0.3752705223697441 -0.4230817437133081 0.05828207034334157 0.9119786570299835 0.4421309988187548 -0.3379381903579004 -0.9223713342853395 -0.00829868585072964 -0.2787676777425372 -0.7958989677499136 0.05882461241562819 0.6489046105289741 -0.3686339289128536 0.049596738569196 0.04820858939091943 0.3422694240268736 -0.6262547189283005 0.6865803635654997 -0.5944001239046132 0.5381466838693486 0.632444173104338 -0.4916724788829056 0.1163408577514041 0.360611284185269 0.02599572823584561 -0.7521280229323494 0.014527103032559552 -0.36390447219705785 0.6139455736584557 -0.08948096061221822 0.30547913273863037 0.15869375298447408 0.9982431134756007 -0.41970614059899924 0.7782600477271998 0.2589712191995959 -0.945488264761162 0.22703583981915432 -0.3383846735060687 0.5403720672043414 -0.18827939791662798 0.24037201193863483 -0.4326267362332783 -0.13539846928565152 -0.5292162930190473 -0.945825903646393 -0.7328247251121088 0.3647952693833734 0.9207155274637456 0.6616543345526826 0.5998242444489524 -0.6375500983325845 0.7568401284161838
-0.7352136986664366 0.42164815335330197 0.3455799452645081 0.5118727518470156 -0.1361136608895402 0.11880042363327273 -0.6069726034710156 -0.36795391278830586 -0.30399159432344147 0.843518338437934 0.7785273124264136 -0.3377545864242501 0.5145851212561849 -0.3925730801183732 0.9287696207668472 -0.42647648642205904 0.6594638148506506 0.434500895840442 -0.030389762141923016 -0.1298815243577228 -0.7434569802423371 -0.10072446167892439 0.6201123327192878 0.5164895977905238 -0.7940005610743632 0.085957732640908 0.23171282590391895 0.47613899111696506 0.9065696181676903 -0.7788001907416987 0.2908965080860803 -0.34666448395566296 -0.4197152682053829 -0.6582921195508361 -0.010220034604079845 0.9903623616024516 0.40049759532157986 -0.5116335948728893 0.10750996069629509 0.11098888052692168 -0.5092348825794444 -0.41028416296743386 0.037127451163621754 -0.2623769954212125 0.8295256171578256 0.5748836059691351 -0.2366434887173252 -0.6979533137480165 -0.19863203034464763 -0.5340201262332602 -0.6522938669952468 0.06009908211217402 -0.12289837961400063 0.24977961525256487 -0.323103429197945 -0.35997021684994 -0.4318807899006487 -0.7892274496139957 0.6334111390621693 0.011040418759978663 -0.23696701982372861 -0.1393985051382422 0.1368690609631585 -0.1041951003896941 -0.6439341080557328 -0.03508712087715393 0.5822214209640285 0.21630119397746284 0.442135196227728 -0.6519722221647275
-0.9570998004898302 0.21506799821031392 -0.8343977803712779 -0.9275614774116279 -0.23693345838096572 0.22976327787840756 0.680982508583053 -0.2672274121870031 -0.21837102648744183 -0.3210167638073289 -0.09745214282772258 -0.07946789590822134 -0.13045890523878223 -0.41466141590657035 -0.010771064603600292 0.2966027578634085 -0.3191788945592642 0.8747383781396711 0.11383607031120535 -0.07552971782100469 -0.7192128174313618 0.20558942095209096 0.11560489706688137 -0.7527724185153134 0.14705941401173667 -0.03357850827775377 0.06683921048418337 -0.20717880577370515 -0.420501090306314 0.17316184123836575 -0.016284886017489984 -0.8776943058796559 -0.04365167702158179 0.8578232900952281 0.42680617695328693 1.4965453878337982E-4 -0.5027766541679627 -0.4796429799551071 0.5623033780889292 0.976316905084536 0.5934455914546248 0.18231045596074202 0.6404908235559428 -0.8380136516469998 -0.43919947459467973 0.6877983184510179 -0.5013233983112215 -0.1362186281571893 0.5919840679039113 -0.017376661666759885 0.2962684042780875 0.9472008516118263 -0.8016051085011613 0.010340292169672695 -0.3046872129684095 0.9715780072798079 -0.2984379741329563 0.013616736859301268 0.39873334284450035 -0.6864987026636084 0.027845628048871474 -0.5114549268060159 0.20893151197612903 -0.2640515317161732 0.20788251983535438 0.0729782153070696 -0.49250186008174923 -0.26822023085757385 0.35594594258177525 0.6523849152529507
-0.864360527551031 -0.6444106304349643 -0.08954747689728824 0.7841435110001626 0.25432922312526585 0.5858200377324729 -0.4737263653306617 -0.48898641042527236 0.027855899300658692 0.8290803806728301 -0.43418193378040915 -0.602054649623867 -0.49204586885609347 -0.14317228912058014 0.42808131446389797 0.5337620189357063 -0.17330813137149242 -0.6311425541996261 -0.06460951771416168 -0.386958339076207 -0.5418072329526495 -0.27099192914573045 0.5332805382133277 -0.8273110279285886 -0.836551993485888 0.12477459812378246 0.9867170694001484 0.8214494997576858 -0.513352531480786 0.5961536625169785 -0.1721741961797538 0.6616618764351935 -0.3164564069005151 0.9443765874481409 0.9035922379315778 0.7580142600205264 0.19029943367105384 0.2563013544434123 -0.18692715115655995 -0.03730032188376231 0.9081240757799163 0.710060560513756 0.17528737525794547 -0.8001455485270966 0.3973224373133818 -0.4151956761548192 0.8094896312143245 0.2537749472629865 -0.3615927484020684 -0.40470992305921477 -0.7915633514203171 -0.7366703521123609 0.5275980645896894 0.34334688073088937 -0.9246301050899531 -0.9085210038544851 0.06942423354314177 -0.20871491336820946 -0.6653321071060643 -0.7528865767920874 0.9374725186483226 -0.21434346615093886 -0.28083749073919617 -0.40556095845494716 -0.41314357947167574 0.6775352485509243 -0.06393124787745551 -0.7310766161805038 -0.9800794679001856 0.6237592010086569
-0.9348795046553611 -0.05543796204277964 0.9286757297060484 0.4056418101147495 -0.26264993664338615 0.32967959923644063 -0.5962096906455399 -0.537394544285293 -0.4533140335491997 0.17306550111958827 -0.35909886258987034 -0.7732299119519743 -0.5060273471752865 0.3348502991730083 -0.1741500771141606 0.1792301238180613 0.7845908174027111 0.4175976576465868 0.38490773403183715 -0.4431369792052282 -0.08234896330288971 -0.43739622587916704 0.5526738963805056 0.020157157080123302 0.21537720390571263 0.27167111687095835 -0.9180047309627781 0.27780577806271106 -0.6342875456320127 0.904054331156831 -0.23069586482958024 -0.22582520443056425 -0.2319549237094151 -0.26091865067912434 0.20380011860694291 -0.06336971311332895 0.2531456027736998 0.8249867990531751 0.8114639984663936 0.35451934413458097 -0.7334236318686782 -0.2637769590209018 -0.6768073063459321 -0.8542007838365794 -0.11874613040278481 -0.3695710639406553 -0.4204923020089715 -0.554380495363354 -0.7283420759322938 -0.08714701275130188 0.7630331643198706 -0.39353040290058455 0.034260778446440154 -0.6764878348289483 -0.3754356757053573 -0.25627578424728986 -0.48564278321953586 -0.152723025041114 0.15272933186873489 0.4435713048129642 -0.43047565650909836 0.8141388097671891 0.41730490950292903 0.8928226483140924 0.725107863756159 -0.06607210471474098 -0.20082358019171 0.08795445575345873 0.16559051242262135 -0.014686164506990925
-0.30460132619486435 -0.24726300223768924 0.6927554389977305 0.32413231115742475 0.28675428268204406 0.507724829779727 -0.12192443721314969 0.3903490279314419 0.7294945262192667 -0.10837246717893244 0.4009014192225048 0.46004965334529135 0.3337447292576033 -0.08158515078133413 -0.6572619193295763 -0.8982584019948583 -0.693852223370931 -0.40595413749698867 -0.394589030582587 0.053719517896866416 0.0053541873861668865 0.4908929218115651 0.11502140473425558 -0.13072750188350463 0.7886422671423813 -0.3306640552149833 0.9686762659482527 0.12857475193335674 0.5030549094258377 0.3586354368067043 0.9963523800427244 0.1668221115223094 -0.9340093243709655 -0.3041833647313235 0.8113953028980773 -0.5835469612164164 0.5568153626117741 0.6781893149016822 0.7245842240632362 0.8357421997230764 0.4450325092150996 -0.40922606009289875 0.9393933820238785 0.473316503851512 0.1853557276428454 0.03768140102910729 -0.22779501102254573 -0.9767857232921504 0.6138578599004904 -0.13350682517975038 -0.7471536563707735 0.4331457894030619 -0.10960517549036347 -0.022509466074915704 0.31306052073450025 -0.44895049577405516 0.8260217630007105 -0.11445556206140409 -0.8621975717790102 0.11493910862381555 -0.233489024939375 0.35248116382510863 -0.8313784084782203 0.5018094911162223 0.02213565889365582 -0.4202175397860461 -0.021273065417407443 -0.33529369726623415 -0.6632717659934707 0.7477968526794667
-0.5264768783056514 0.8952745374208457 -0.20461417586362896 -0.017660274819454133 -0.7556529662706158 -0.6117166708655768 0.423841297152988 0.4863265154804971 0.40062243717944385 -0.018545324837688996 0.9773907741672007 -0.501853279588208 -0.4672015748927444 0.6755231143219182 0.37609860043816684 0.9108374312247443 -0.8990105409634942 0.668729639819153 -0.3212862231231576 0.3622677182463342 -0.9931303052653141 -0.42528135931032546 -0.6676969879920526 0.8959926511109187 -0.1957498212326456 0.33925448283137505 -0.5755202380382444 0.5249189765737422 -0.6480632380417571 0.05197035248394685 0.47577427716549914 0.6872615150689931 -0.38862479364795083 -0.3270881770242433 -0.6279366413329348 -0.6286752569489004 -0.12839206228643713 0.21337203912560818 0.4701621683047299 -0.14838504959324283 -0.17787912188253527 0.971614622783051 -0.14226565402271907 -0.08477121935403087 0.2852537488880764 0.6509135565973168 0.7508032138599442 0.6865908693175372 0.41956356963239244 -0.6045838742019025 -0.09756620606435061 -0.05208011046353911 0.4260836777073674 -0.5882846181825006 -0.07250938607760601 0.8876316425668909 0.9393022955385554 -0.04325513148733512 0.5555085351519564 0.14756585035678996 0.602816765210718 -0.4645709983873192 -0.20170547810089084 -0.14617511084556595 -0.8762901397691331 -0.5986089776224788 -0.47184004169886223 0.3541984780438685 0.027649415162696332 0.3904852787017741
0.09528535402991656 0.3628320106030812 0.17119950795387293 0.1785411049138933 -0.9812673138907531 0.06893802690358965 0.7934326031163832 -0.3223656794704088 0.968446720960292 0.5233286648753861 -0.4065199181616803 -0.9086601642566212 0.8644912273536315 0.22811008203203034 0.5043395382513631 0.8159209187326333 -0.3446967037396437 0.7526617315845603 0.30646791333294654 -0.06812080050571345 -0.011555690637567664 -0.37796309043734794 -0.842521668443539 0.21134810287383402 -0.9924872064064206 0.8751783959861743 -0.2131828447925371 0.8816164950884775 -0.33338710853084147 -0.0797916195718211 -0.6728753401569844 0.4612989435221939 -0.08658339586483083 0.4071950971203388 0.33424238207697726 -0.3238865112229999 0.5473949481421654 0.1517612640666709 0.3602734148833775 -0.47158133611157477 -0.8220998536055408 0.16303868026852142 -0.7278214416351334 0.8652671720111713 0.6191621433621277 0.47606547383463965 -0.15310120899791785 -0.491535537930215 -0.6931297263933637 0.6434779331738415 -0.24925109622905697 0.8178372502498357 -0.5634053007822715 0.2949241216931258 0.13187950305483348 -0.6572454010356006 -0.7516465891257522 0.12604601416817238 0.1684404100157182 0.626566519198561 -0.6931070099888494 -0.11910240810995303 -0.4330897087980348 -0.09224433998164647 0.1277031765757012 0.5700242420673094 -0.002546161693202098 0.703113660756421 0.49413930255808336 0.6089424219623801
0.6126908843694611 0.6377834820157317 -0.03695034928728398 -0.768889941938357 0.4726434374753786 0.9181838515072337 0.19070426385977157 0.9854689849271479 -0.3473995971485411 -0.42673291745869096 -0.7371257949397545 0.4341504629379376 -0.4145536217568247 -0.7687914542609502 0.4811732756308258 -0.7935258313109481 -0.5259091113220342 0.6478145584790298 0.8012723630794214 0.3231826017558484 0.24910230292450455 0.6286074157314121 0.08324286438965803 0.16333006469181133 0.5523106831643233 -0.10204561577448033 0.3342168220329574 0.010127071244722785 0.40271551334121647 -0.7933095859694822 0.5550577328082564 -0.6044090774233539 6.583167115843669E-4 -0.42660244539718667 0.49462583081674505 -0.060684318678327284 -0.6840279371987614 0.7562918371562621 -0.2679056694633979 0.2496276600509725 0.7217156350539761 0.4964769780769779 -0.5980611703679645 -0.6344691213103273 -0.33813982034027523 0.8200231751965468 -0.9676359028639264 0.4887680193096969 0.5016257615419111 -0.27802710702478856 0.8544661622731218 -0.06158655146335851 -0.09594996302218925 -0.49282830846558096 0.8587373687238713 -0.544149715599134 0.17386930396100578 0.7801068172101596 -0.14218193663331985 0.0019814666657738153 0.10360987905451072 -0.3793924635104848 -0.6608590251209739 -0.8342735201181268 -0.5540800816773163 0.8200872442598857 0.8615304594062438 0.9210508665346036 0.6042769085083608 -0.8649363405618772
-0.84838210616718 -0.8423887654082732 -0.6091775599536313 0.8152787540044221 0.02991803636979351 0.6708319151308731 0.5075083204223475 0.4991449164180924 -0.41609659894209206 -0.620325771527326 0.5206270922373171 -0.16463449886531734 0.14882095526282835 0.46108588480340024 -0.2747864888608167 0.09277094762836402 0.0017981135926000823 -0.5652723841422168 -0.5190775814688513 0.7570768253509698 -0.6663943868659833 -0.32571181996825344 -0.6795658798545634 0.9769534991966324 0.5734222357054899 0.43277491501405174 0.4728866563740004 -0.8281486576103267 -0.7030918072160477 0.6656325691021543 -0.8614632470146106 -0.10383325768415375 -0.34978356167231167 0.32132208827092423 0.05348948997230507 0.6327971613416625 0.42263341214862193 -0.4486968657670157 0.8303606150123846 0.6247881676554319 -0.38205551650891495 -0.6255375690241902 -0.4935130181353624 0.9490692345077472 -0.6320159270140824 0.8128758225842604 0.1841037655202338 0.2744925575807463 -0.264459609874608 0.717145327497074 -0.2466622462438021 0.13675023861395585 -0.8744613173669544 0.5219848336445732 -0.839625009139497 0.32638168292869635 0.1609519485052783 -0.054867050489286466 -0.5238667577489179 -0.8499086611965848 -0.4291859173298478 0.46425948848627696 0.7201974639290475 -0.16544867409894015 -0.10920165084221023 0.33850998762563894 0.6987727551719273 0.18660351660461633 0.7577757089672259 -0.5938074030213909
-0.23400270418336586 -0.705198835995468 -0.3422733449077156 0.9011705132650611 -0.6466497322162263 -0.5993405010861408 -0.2517895829990038 -0.3390069830538863 0.8127720581873789 0.4600702667588365 -0.7260139530144816 0.04124029893331966 -0.3370159996672007 0.627527676213128 -0.1339841923180033 -0.4707980556807879 0.15738660078042999 -0.4737755902760594 0.03027357654961794 0.9444469926883793 0.37797413834058136 0.1759758775663279 -0.5515631695064496 0.0747771309853893 0.018928315634107185 0.5762377156590042 0.44154960768789825 0.3377111750819382 -0.6158084652208538 0.5937284972094778 0.20989795471236722 0.8356854203093957 0.3102907819908858 0.031115390317750413 -0.7915018635876652 -0.33262757207248816 0.6807222040715124 0.27943731758434975 0.01538846208963323 -0.6294687168033948 0.8651890862808594 0.8175255035649002 0.13709913893942227 0.802782488425918 -0.185100473185673 -0.18754001322051617 0.11807452220303631 0.08067577072692325 -0.02589526564637271 -0.40778089143304086 0.7071508449427821 0.4803453466897306 -0.6836379423166175 -0.5151419297552333 0.4033296562046074 -0.8711835314250498 -0.3892489142533561 0.2568424480997611 0.6145013947496508 -0.2686996873871526 -0.48179172593759156 0.6278572313352547 -0.3632440532937085 -0.35730603241070313 -0.0900866758794538 -0.9277887495832854 -0.5345564014478701 -0.26227342055375774 -0.8350671408292016 0.9933989490061907
-0.8608457096051854 -0.4453156468715262 -0.15623825650599582 -0.8772831429437218 -0.1532478957683525 0.7455605307918347 -0.13660452150147925 0.3680264382530989 -0.18988638508361047 -0.4180207154498441 0.2782152615244444 0.7929603991943519 -0.6515427126591241 -0.25300561044022407 -0.7254684140138177 -0.12473476296409816 -0.47175337912404236 0.932431390102769 -0.020184242509971598 0.8859894247886856 -0.4260267197013752 0.11591533747978322 -0.631317186076251 0.820238328584247 0.18377097055306052 0.039940462683364805 -0.5507546778312358 -0.861746988276616 -0.0355131039387582 0.06577968541257162 -0.813875374678426 -0.25964779203120636 -0.26453191053121655 0.2230075885264513 0.05960273948583177 0.2351169202328483 0.19566587465514332 0.16400787467005337 0.016557285121203722 0.020700650339249494 0.6588433998276442 -0.08856317920071832 0.612924747052346 0.6340414614915898 -0.74821248101763 0.24033589752395768 -0.11691610964409561 -0.23492717284580616 -0.06106439802032994 -0.19616758489271652 0.7210522130624923 0.2534128607833959 0.22622587133920388 -0.6889052269644154 -0.19392139665641742 -0.9846508871373061 -0.09776304434351374 -0.9757339750312513 0.7332752327444854 0.1884328053748737 -0.10390539309022362 0.1343078001332771 0.2927897098321316 0.6827528754844099 -0.1868755469644033 0.6398157672123117 -0.24009229761027176 0.20018792820548253 0.31377339879086513 0.15021310847931676
-0.6327648884519241 0.3712845677308301 -0.013873210357974675 0.6179840513853931 -0.6131068618121728 -0.3007379039300906 0.39148476807646176 -0.24210202161185201 -0.07090181584937283 -0.5976954250716898 0.924585052305825 0.06078375689040638 -0.3178711255263996 -0.15758857602690934 -0.48457401001498057 0.4912038408218606 0.3778902210719122 0.23819524051522095 0.5538655282024119 -0.2581911320487204 0.4385015588574862 0.7651091580827569 0.003242835046980686 0.531609827306261 0.7765695968476627 -0.7166441418477608 0.03176429998945424 0.017527324438413178 -0.7552711365434037 0.7667219337849013 -0.6294677457107057 -0.35864459390714815 -0.6574069547790381 -0.5697658127473102 0.803029619074618 0.5755304506156675 -0.45057501727507154 -0.8871237963515235 0.2527655968952212 -0.7222919291676171 0.8725304853303234 0.9871024334725184 -0.06656591249720124 0.4160110675532091 -0.5527249457110526 -0.00791965429152986 0.3595956994227289 0.7519559412612806 0.8588329666194249 0.5012048340652434 0.8651331160499404 0.33341070248023996 0.9764846768294784 -0.0055771569827401946 0.46645041677946775 -0.6107921601880193 -0.6845246264632433 -0.15843271569254636 0.35308022997610855 -0.7652477911353655 0.8866760985638118 -0.11947954514458593 -0.4437646186782583 -0.5510740637834923 0.8351290408190395 0.9604869776824609 0.025607377081462525 -0.7407757032032337 0.1900004557498462 0.9226767271818181
-0.45337279141522097 0.4949673035224503 -0.2648884538763099 -0.11578610435372717 -0.8160922420497467 -0.30865002459261454 0.7759680576747962 0.0737397078616259 0.05972007405201709 -0.6030658856003803 -0.36098080748579475 -0.756963713112649 -0.6266166930633709 -0.5180955940455724 -0.04172767119987908 -0.4405688973057347 -0.7978431242452768 -0.2063222767285872 -0.5704639074447806 -0.8873204910139338 -0.10065145156325428 0.41942068457333 0.886437321778451 -0.20725770498820292 0.38387754834697135 -0.9763686573071857 0.17733343995211162 -0.17101797207092584 0.6856126780886067 0.700263351894889 -0.07412047005464695 -0.26848862673937535 0.03700712259605351 -0.26498385224470505 -0.5071283895044754 -0.0753464764490857 0.5199471963135136 -0.07091032398299935 0.7391759727248158 0.48805842542619815 -0.5226858889754251 -0.3292518479705955 0.23639593541291712 0.8187212253494092 0.4767598990786695 -0.2539112532251844 0.1363660171312375 0.2455440867442264 -0.4523295505174558 -0.5833236270862243 0.11919902310256236 0.6494204767815018 -0.12008776929563957 0.41207784976219886 0.09733738465297609 0.17874589496559184 0.40336686756420564 -0.11824268865560139 -0.3185155878598272 -0.05164630973889541 0.356060430354512 -0.5681075854398341 -0.7094714251991285 -0.7528661041353263 0.6681111833070057 -0.4499064634974182 -0.12803722987557342 0.9518469709773356 -0.15486225703332201 -0.30210379493746814
-0.06980157532637465 -0.9118923717773583 -0.38162462684213916 0.522690702445193 0.5668491595705624 0.10513464829683764 -0.11388017139851904 -0.23395888516266083 0.7360551761846656 0.6254379729620063 -0.8304517211487987 -0.3819557467364705 0.8706029559770735 -0.4482570161607291 -0.3766524694248651 -0.6245215319607736 -0.6392603459970179 -0.7628874228769004 0.32945545270140725 0.7724104330789586 -0.7606047808877625 0.6224700930724751 0.8802173139093277 0.6728692991744661 0.21957748732289648 0.1570419457496077 -0.7585381892536622 0.38565463215660245 0.8178993884097652 0.047056470525362395 0.4143953277552376 -0.04545180549413639 0.7329139124169066 -0.11600563915862035 0.2353158500947012 0.8385544499174921 0.8775571852271467 0.22037841308882922 0.24904455014201704 0.6580735594441965 -0.3564369386203169 -0.22420334100420478 -0.26229805676546436 0.12602867550063382 0.5366097157886419 0.9206074876845182 0.1387098682792009 -0.1766767909940131 0.47946088277639215 -0.4661981384722786 0.5934029083913893 0.033499450360019695 -0.319878599156995 0.4966994270785837 0.18774401188815773 0.8954688772855847 0.29214076234209607 0.2647119884215389 -0.8573248383345103 0.19591088602714246 0.3688900009236819 -0.3958042227211854 0.6529975986329929 -0.31900425072072613 -0.3488150545739158 -0.22013260672884993 -0.34828789619978734 -0.6690863986301137 -0.5689959840241083 -0.07364002255260223
-0.03588624453105966 0.8666945146726412 -0.6893342552361348 0.18677647193259017 0.4603139210122842 -0.6384171767136669 0.22839992787246932 -0.13146748680528852 -0.3794152262440557 0.20470055102317475 0.4339227612245602 0.8502345822323447 -0.3544155638233145 0.35457289631795197 0.6960369357691647 -0.7434413327181724 0.9039193278975151 0.8807177638099206 -0.23230243782134252 0.5388782346198542 0.18891845910540045 0.13880890018992897 0.5224930317633079 -0.6576746263924697 0.8982855142933972 -0.0732500981730048 0.8604995600645866 -0.42989417402045876 0.632835511435535 0.631364849571965 -0.21914053091361663 -0.513546014191401 -0.7506657203101161 -0.14098093872497236 0.9710316895795463 -0.20840033348710998 -0.8659402967241945 -0.21725374515178456 -0.9424039987176861 -0.11424269633199449 -0.14569499813084671 0.10469781648652306 -0.7491920100743634 0.05630031081546649 0.855594501436261 0.9932884382399525 -0.49221564685218944 -0.7990865873302463 -0.9554839177129812 0.6372455306837557 0.4932206729927331 -0.14088515461167567 -0.03768134846098303 -0.8063192299612527 -0.4009207620113759 0.21681145067131768 0.4717454174659736 -0.19561498736431734 0.9765825040850719 0.2654217589290353 -0.46800363582383775 -0.151924217917453 -0.38780804445217665 0.5848801873847453 0.09121367587727032 0.4621380252752822 0.4095848246587239 0.38975784902767735 -0.3708525392723719 -0.6642979496366694
-0.2620001594378214 -0.06455206898191572 -0.8460130939296039 0.1377396236695061 -0.06624131193459615 -0.9718203265343344 -0.6876871082256684 0.4417165821591461 0.6163406106771181 0.0878170837699992 0.14585827249449212 -0.6005935207482711 0.49941050264877407 0.6204163546974079 0.7554899984790716 -0.3611073821369626 -0.526069718216884 0.5508136776165341 0.7754721500841012 -0.7258483524849154 0.16664799543986974 0.02070699586299951 -0.5753254343718917 0.689096760873692 -0.08319913353972694 -0.18627843772104152 -0.1841760616562306 0.014039924122683234 -0.3996070949322683 0.5229426314391203 -0.06875136993690947 0.5502441094271859 -0.652487743905733 -0.6477567439800147 -0.42327873551628226 -0.04171568126804935 0.9143475060686321 0.3806042825235678 0.026000770231263945 0.2811502862637118 -0.7196150528795814 0.6124865669683559 -0.997124380810268 0.5277584643396664 0.5686883654835819 0.34191567398252376 0.1865521983085544 0.2533799653351627 -0.6335573402872113 -0.8128399597215589 -0.07126518728800302 0.5520310972392906 0.8999406443555653 -0.6171508979997887 -0.5437915255694166 0.4843007774926982 0.5095579525179919 0.4886729057789089 0.7667150493775207 0.005527501429034783 -0.5527135066576454 -0.8274914332145478 0.23237600022011487 0.23806515806191683 0.28619006152771415 0.3032403216819244 0.7593651506354744 -0.36926412934871267 0.2198572841019952 -0.3724811183555428
0.781238508450604 -0.29085178223731684 -0.8258757504468821 -0.6361027448154363 0.7070745021102228 0.776901959283557 -0.5871879633840055 0.03362512111340955 -0.21315939746135884 0.2129893815679922 -0.6787040388653613 0.30631517818062326 -0.13943187755319292 -0.10335031592212425 0.0024052876595310807 -0.7167782734712638 0.44447808728745086 0.4238608416843706 0.5492567728154646 0.5889116321976497 -0.5411726332756779 0.22449014963598413 -0.18802972291344716 0.48609419904167545 0.23279247223442098 0.5377667576533117 -0.09771833622129811 -0.39627414155871593 -0.6115755732822397 0.16357215809855016 0.09764976014953139 0.6495416373039997 -0.35582327620171655 -0.2766970988740665 0.11437347145941908 -0.4511061308699609 -0.4034748103158993 -0.8709741929514804 -0.12661689332927528 -0.7889108178830193 0.28527280773746777 0.24101541274437 0.05966507691333508 -0.47072945431254565 0.4176754443983437 0.5680456761674382 -0.09111516344338538 -0.22040165422091132 0.18400677602955726 0.27074060263281324 0.19270806785150763 -0.3991589740830758 -0.29757022417782547 0.294916182798092 0.692557322726908 0.32542610407074635 0.2154626921372324 -0.8990884140650607 -0.9694830269788057 0.4459685547269459 -0.6531026217974529 -0.7039774320583285 0.16235051003375442 -0.7985688979729653 -0.4973222487838356 -0.6298561572703744 -0.6052257590456107 0.3368751584960765 0.9753089597230276 0.261593182967626
-0.7664818407545092 0.4869462711675332 0.8012609135763171 -0.017620547606619748 0.1710601702120992 -0.33369627388264855 0.5838531897023961 -0.6380462587520577 -0.8102333819624906 -0.07630940561650545 0.2019173340799424 0.43772873084221836 0.8485272098118228 -0.13384332586849101 0.9748993187273007 -0.2119146167567959 -0.134176570295651 0.4264935021941053 0.44116572199480775 0.07920997044777778 0.38982098709177476 -0.27597113799650685 0.16863981428855906 0.40864831391081624 0.6702290382718677 -0.13959192063823814 -0.9310460601955193 -0.02296256979142728 -0.36593649352350266 0.44712930244279403 0.12178048707974555 -0.2602724420553244 0.3454441914724183 0.5671977272658608 -0.11899319035374847 -0.49892995715508803 0.06805014160556735 -0.4296585332563097 0.7906488116491794 0.11853223283705888 0.04771028276344487 0.5087319323035171 -0.45604523861701957 -0.4353441048035237 0.07331431138155642 -0.2178989145077849 -0.8152921147188958 -0.5727201275996845 -0.07530601359925956 0.47895880238797206 0.21253874939439327 -0.8968942571280119 0.08756538119008592 -0.692418170180189 0.46304659184964747 0.3547803961032773 0.42478617095671406 0.20238033155630508 -0.04862343783398828 -0.5697392486754196 -0.19338662352208805 0.34131286320117493 -0.33655774329474997 -0.7872958476963466 0.6332707604232456 0.5629881447022368 -0.5763092329998629 0.2783815262209382 -0.4586021691793261 -0.05609961388685688
-0.30300130043526 -0.11963499423644423 0.7016063337894021 0.8184836855770888 0.4064890099802956 -0.6122585504826659 -0.18381356700738863 0.31881510557689463 -0.7670199155315451 0.5181178605874203 0.7578538676177258 -0.776263114075708 -0.47899004084361146 -0.5380332844164235 -0.5686761902851136 0.33157782385451035 -0.3411736457701572 0.7262805359413862 0.33765323099203826 0.593335931107526 0.8991108469499771 0.4678320426045663 0.44832086190067777 -0.4757517461520745 0.45546139027909954 0.5101518352823604 -0.2778551516083586 0.35053166708013217 0.8313269353254717 0.13586812250811992 -0.43552188894236815 -0.49748198573637464 -0.8176604238639044 0.8760959663911776 0.3432167767736416 0.3699159503615032 -0.12016002319328427 0.9553493080664206 0.36144700091816817 -0.5858253115695509 0.5000806653149017 -0.7636071549123853 -0.6564064971142787 -0.3798766598235801 -0.24429651051454665 -0.5720785112750812 -0.41067834243915324 0.8409393041388795 0.8238152553010045 0.39175241690905727 -0.08602597818538472 0.6065790364904786 -0.8850623957086879 0.5140126077522185 0.3305083541659125 -0.8029135264110221 0.4589350788990345 -0.9348647984161871 0.6176584553827263 0.8525994070399951 -0.3682511719247735 0.755876959487622 0.9634164340011548 -0.008223593193427324 0.8939840544869972 0.0293572509693919 -0.6574724570079561 0.7316328735722735 -0.062291635751343326 -0.5345158755203016
0.540225493720716 0.7902892468079095 0.8567713710042846 0.10366475510692491 0.21023530093232654 -0.5235616782927195 0.5090730477484344 0.24814455657077913 -0.25861341256556086 -0.15078026389901364 -0.4122544864132769 0.6212707789194911 -0.3925885458738509 0.16361587774292222 0.8039677881577217 0.6907265448005104 -0.10623330381259699 0.9093519836229322 -0.8886450722448415 0.955595229721523 -0.19992364625281364 0.048326434000491296 -0.2977216934851231 0.42155831571569174 -0.20854238309970433 0.930928418680313 -0.5157180966280082 0.3349031454624556 0.7983974646894926 -0.1691641203367185 -0.42034264955009654 0.6113615910875867 -0.3662805168157943 0.7663655796452151 0.7299813699099327 -0.4455296658379513 0.5839338438687932 -0.4331913926540567 -0.6989400712645981 0.5573340686543761 -0.09966906844174601 -0.3080295008113815 0.746024921466562 -0.576471312783071 -0.8672066409747853 -0.42207861411091985 0.2570248317735989 0.47857105840273917 0.2641158066111622 -0.9555209890061444 0.6993106205149768 -0.11468690126584419 0.6965656388667614 0.4898478307937896 0.6593009465819052 -0.9389657718439189 -0.9446757284260782 -0.8234528535000226 0.22928184470725016 0.2198434618616947 0.9686394462668013 0.3953884596266793 -0.486713949348824 0.49841284097659944 0.40754845519503063 -0.9475278244542109 0.7627479554241277 -0.16434166754022486 0.15769127215529405 0.0816786635616149
-0.9761042423461606 0.27655156901500577 -0.12041071648858451 -0.03700914059802227 -0.07829687917732867 -0.12848137459876877 0.3833486009112408 -0.5416158443609721 0.8806144067749643 0.48519659618760896 0.7990110317192773 -0.5754308431489521 -0.573906372876931 0.5194608323608605 0.44544605968630036 0.04055873956546933 0.9530279406523873 0.6794983980655517 0.12337502398620781 -0.4425066544168653 0.3977243178017145 -0.609996923022904 -0.036563477843779335 0.3427781125473575 0.30168172960576684 -0.6366301398439882 -0.6598412247734152 0.12405754582110198 -0.5723412227868852 -0.7624700967481891 -0.21781622704533007 -0.6463936959607323 0.3555862728230248 -0.42978404083021865 0.31523679462598675 -0.2709276652316315 -0.5264099157937311 0.4821628739053307 -0.6002081835927687 -0.3268351359550783 0.16616918365411393 0.27695322960864166 0.5660270472323493 0.4478960019333137 0.029735295096422292 0.5696028984800978 -0.6871359762230166 -0.19279263956777476 0.20842518769761953 0.3179455369847346 0.37846649789810105 0.5729272237515154 0.5220543572730215 0.3733213941080523 -0.44233766686172316 -0.8282362715168677 0.25105758586142957 0.7756869772624461 -0.07069522709995157 -0.2228411469598164 0.19992518425455433 0.44773282691926464 -0.12099544160517976 -0.622874750387366 -0.6027609877763768 0.43151270633078853 -0.867308082937659 -0.11067699423658066 -0.08435829217352278 0.41087613323533295
-0.29877096579632767 -0.1717538924891841 0.8431490417507594 0.2724021426230926 -0.16066161059623463 0.08211950439682607 0.08893776834427475 0.3355440259276842 -0.1896459478913211 0.6580209767980633 0.45538076109611714 0.008753529566017798 0.6412890880408091 -0.26133148048474397 -0.5055368000565477 -0.5049091722702251 0.12236521982602644 0.6907219345582175 0.19303638696248196 -0.32927054696671393 0.6009907152181164 0.6567258991102458 -0.6866381584148182 -0.890855322109232 0.8018306426010702 -0.23811994270577577 0.06968805700115016 0.1957675848454623 0.9449642006460293 -0.5805125594240068 0.18029282767879995 -0.21037077514277114 -0.411866955117695 -0.09796556595955747 0.6037518062205924 -0.988713839792339 0.038750432232037696 -0.40587067633482476 0.26794153315532965 -0.29441347101271786 -0.4196966109658576 -0.6571278354460087 0.021286844878952826 -0.5588311634278249 -0.8201651334204612 -0.14798577239317212 0.40109149062265326 -0.06744938674374357 -0.6832290461142896 -0.011178105874154354 0.19966565447321918 -0.33348742552210864 0.31577650044374583 -0.1364664467988679 -0.7119556121074594 0.8797358796067901 0.8668962802790021 0.25553397747884504 0.9765573804537473 -0.05006282135618025 -0.1137033145189226 0.8640367994039206 0.19088478009728588 0.7996859303148856 0.501998131157916 0.33387244962491797 0.2930319267314801 0.36174975872994913 0.6630974132285788 0.337969195179137
0.2638123919775822 0.4527574854775591 -0.369226603734536 0.6602215908154464 -0.09442512142545445 0.3189229728292707 -0.3323268550516525 -0.0440578472303228 0.910939776938646 -0.6541821378291242 -0.3575592433760495 -0.038330671340515265 -0.37058126521892665 -0.604565580671051 0.6333002871100569 -0.21763701190619567 -0.3750062003801323 -0.21838956767637013 0.9345770792755936 -0.8414489284053569 0.11713998713303164 0.32734999231707174 -0.2432321616069695 0.23256007617601365 0.05560082596533995 -0.2814435538402641 -0.9069385611344805 0.8878936701084221 0.09645762955945617 0.6410387956878286 0.20457950475470046 -0.3929338122106374 0.08084996537733326 -0.3929280169772615 0.2874413672722014 0.2560219126561878 -0.25144287703533263 -0.2616067036383914 0.11095725879478473 -0.550693492489443 0.43805557939878104 0.6174521284845716 0.2633673909375651 -0.07040309208168119 0.9899207122508605 -0.27525042629553476 -0.6243495222846596 -0.36468913121433677 0.7291645894427434 0.6948982770782173 0.9401245192339491 0.2569975153653331 -0.03313422241357655 -0.14037979222574548 0.11223264374333741 -0.5935070929780665 -0.8167281566218423 0.7358705585032745 -0.449473511334927 -0.3279991641951412 -0.7653194397982349 -0.6781900565011436 -0.04952288503100098 -0.5217461946352564 -0.39376439978350974 0.33006764471101224 -0.40771592433998827 0.5206144903737028 -0.38858439235236886 -0.21651570249008256
-0.5434163813894596 -0.09381944778792395 0.05464017831455226 -0.016768463958724566 -0.679736830280889 -0.8264819874254642 0.2013137391728746 0.23243705720207755 0.053951761854415116 0.2971563569423564 0.821222789050466 -0.6211225143669806 -0.17258999241906206 0.3581133381016576 -0.34913711040700823 0.4352424721551556 0.40951819050305704 0.14880487232480255 -0.37506677731447413 -0.6179478306567031 -0.06004567586612408 -0.5816818318508272 0.780192291041929 -0.2683403137864239 0.579175708504742 0.6972555661467327 0.3981258916415272 0.3925184462695771 -0.34723082851808657 0.07352953935156253 -0.8219598457437208 0.704603964067434 -0.5199552682273493 -0.622077650250097 -0.6998396826747703 0.4767370568163696 -0.3462027948724327 0.027318690636800064 -0.7617561007256557 -0.47566056418981545 -0.025633165102136868 -0.7994785570276097 -0.9330289125485287 -0.5507196007500322 -0.5794743564282525 0.9888145156609371 0.5703613625590656 0.14621445835446126 -0.6437437268309947 -0.6894858152360996 0.8083805943301621 -0.05928767723775342 -0.3296576991862591 -0.4954109535789817 -0.023654055996379486 0.7858609612444758 -0.5370530761593472 0.7731945923008238 0.5807293468264103 -0.30099006067212447 0.8565615723693799 -0.760708469263335 0.4910884658113041 -0.2148159436291812 0.3285891769539246 -0.35951841860665845 0.9891981772457681 -0.07294852242798959 -0.8239961380872318 0.12979017755393038
0.06408219395496724 -0.24290780233221024 -0.454476941220125 0.8447420690643417 0.6402626752505233 -0.7591999527319685 0.11651729290140865 0.6207541748141004 0.3258834476559256 -0.15655693146271768 0.26213288737349194 -0.5688045449541045 -0.658510136842311 0.21969185923675008 0.9515898004516183 -0.1770188434844986 -0.10682064241216038 -0.411318166036743 -0.27316962363092634 -0.2175141229652881 -0.37576894049626713 0.6528670720881308 0.03585540097035871 0.7115408791053676 -0.41578778778736036 -0.03628689718148589 0.6912485692237726 -0.20480938012238273 0.4485818453439672 0.6377080058369061 -0.8764866708004202 -0.5672253476690745 -0.7783098219803662 -0.7103560295251476 -0.20662640288777134 0.8511593119107237 0.0683365214469369 -0.12986820089689688 0.07434547881986146 -0.95723737060162 -0.047895119693525334 -0.14793137276184598 -0.19513501443106257 -0.5328026515160991 -0.7473142885786231 0.040203622219525344 -0.27539304526085784 -0.7424749361286657 0.7925735080011536 -0.2933374378269845 -0.6843532012798978 -0.8454948880246154 0.17933923341698008 -0.14689321954405785 0.13670718774107346 -0.08940425424675497 0.7196611049355657 -0.8621254214929202 -0.03279367182325443 0.9244136633976866 0.6567352078996509 -0.6416456241464918 -0.6022417563132765 0.12610009396444563 0.027305676681540693 0.6368620736962446 0.8398474035693262 0.04577166087860932 -0.6494260342405229 -0.27376935632119115
0.8062632069505056 0.9796738918635716 -0.1638191790451331 -0.6934414087311794 0.993245710778457 -0.4313188693100274 0.6132413370589798 -0.12454043454841979 0.008154591326541326 0.7650232897503411 0.16977026532536024 -0.3347213175133934 0.4196264858649444 -0.17973660290105797 0.5708886482260365 -0.8658581597304462 -0.3354179614468338 -0.5103525122917254 -0.410969628856493 -0.7146138009640441 0.27941261942711043 -0.36714515717024004 0.6062490308020299 -0.5541901290534984 -0.6812095633627884 0.21945218553099483 0.9339649604161877 -0.2894615284221885 0.6987637892229874 -0.3448406992646756 0.7008329507234494 -0.3154295286437219 -0.6733537378483547 -0.7041564061012461 -0.9289796286566605 -0.9861559929781816 -0.1961413353816906 0.08020134618685917 -0.4036846028296386 0.33762583812918523 0.5468998932205797 -0.9394049377976476 -0.5941316969000567 0.7083046925532968 0.560565991465722 0.9633278950309162 -0.9784287563975607 -0.3701083162877288 0.3944044597668732 -0.7694313049187876 -0.45183365639604783 0.43094754308134664 -0.382403853414348 -0.6279463386380275 0.4101267465131013 0.731671332666211 0.3879025103218032 0.059861721176391214 -0.2326837937653111 -0.20504585713399148 0.3132261565794706 -0.23565368847292611 -0.2557017448187364 -0.7145814212382756 -0.6587850909013333 0.4454184332570781 -0.21150190393746474 -0.3973944578563142 0.04560756892594882 -0.682905241648299
-0.16562081330708295 -0.5601494828431832 -0.5569558916487541 0.6507088233345361 -0.425979679309937 -0.23438860458967994 0.6033452415702094 0.0908537108306688 -0.6658615305580551 0.07607741278325655 0.1988435826862135 -0.3516755926424311 -0.6125570978825773 0.8955271723910336 0.11910566971320069 -0.8872876126349375 0.10106399182779065 0.33406694816754073 0.13182598776473858 0.14703540963064432 -0.6093466503015745 0.6470075509908896 0.055595074730418345 0.21579139338728393 0.18114631800799266 -0.8903705168298245 0.13610449725284357 -0.7924676723230885 0.4748318484749108 -0.8604907560915376 0.2646474121849664 0.5341798863997042 -0.6387751614062209 0.0650927485774504 0.7591066771030477
-0.4366358222939091 0.7898634161435596 0.1073936414020864 0.7596645568157725 -0.9656006469733416 0.23784065273834729 -0.2809138014752114 0.5364545400306877 -0.4830400208980468 0.27092548577565984 -0.3293833129203425 0.018012720080039523 -0.6890427082328964 0.5618977300254577 0.24721988554033814 0.5073248549124666 0.8066939916474045 -0.7749520763448818 -0.2535395976545217 0.35690709821901534 0.6161030398966852 -0.5357775894713397 -0.48356948601648114 0.6971470621468131 0.9157931636655681 0.36063570011861773 -0.07027299093157276 -0.34203532157602257 -0.7786811258279016 -0.39433721153967183 -0.6468307584304243 0.4249556198376798 0.8729090023572919 0.32434192408720974 0.2425985509671822
-0.8895050021356673 -0.4529929836891372 -0.17518674210231544 -0.20541852920125137 0.09212529764582555 0.207573798139833 -0.3143265691920969 -0.6923438648783291 -0.6939651122042929 0.21259974504984402 -0.5027988732253371 0.03920328165357616 -0.4623005901612016 0.30366615271951014 0.7599955307512544 0.6602529586930308 0.21559803151294804 -0.7375230198852818 0.5877922035213587 0.3357175881531936 -0.1271916904063344 -0.06801330677733852 0.2952364238854448 0.45465963547588445 0.7122245882479856 0.3013086903588829 -0.5014272304528954 -0.0594616862742759 -0.013937995034919104 0.09500938679633596 -0.40079290690594926 -0.42500250878774354 -0.32184245371582504 -0.2816359329097966 -0.1423597402156535
0.23370239840832147 0.7433143336682628 -0.749549023967601 -0.6079248067221815 0.4921866994957448 -0.5275116625375649 0.6628428908045326 -0.09712923000198237 0.09463056628522576 -0.6048062872764725 0.5892529522000228 -0.4837788954826408 0.708829306619662 0.8152781386735158 0.31578063482323054 -0.06845992151079998 -0.7721211304662964 0.2933002020511374 0.3758135895750509 0.70546387807269 0.14458395031535423 0.2592988266923866 -0.8714312686049552 -0.7869511544414488 0.3594126911257503 0.8882774520368109 -0.01747714958085356 -0.5893803457533264 0.23289218768898778 0.6624769581116841 -0.27718756005113593 -0.5002693275289622 0.3979316787963343 -0.7622550922751528 -0.4065228815530152
-0.4253574731412042 0.06959398307781767 0.43952176765140644 -0.5284979212559527 0.2919019597371711 0.21116224826788052 0.6110006257190812 -0.28386922873853293 0.020025028334551897 -0.764763054819761 0.2436337400188993 -0.9217552092555754 -0.4148087673816092 0.45681923573004024 -0.4481836513564736 0.22300602404239694 0.19521515910157552 0.8045587044598107 0.2215505052283362 0.7175025431244866 0.8731448538224761 0.61740079730103 -0.6748510889509365 -0.027291626684422643 0.5223540382581803 0.25402913416962386 0.08295542024406194 0.7559373329442646 0.05656212542041805 0.17063234596118815 0.015419209193151026 -0.5011646928266723 -0.5764137225451459 0.36239990734365723 0.9679784146717205 0.44569454695741895 0.9554463656233617 -0.2880834404041903 0.07104818954747374 -0.6977435466767342 -0.43614100903058495 -0.2951007828496796 -0.8574845350804225 0.5460613360368878 -0.30541835304895315 -0.7251778719314758 0.19760115043706133 0.6623239575699036 -0.783472113465564 0.13348194231984914 0.07786775488434006 -0.3248540591248425 -0.5076016488933851 -0.6570814042415052 -0.2740631565567795 -0.24373710000543744 -0.7100135035711803 0.20730079223679312 0.5795599969931623 -0.29602609609083913 -0.5075262721117382 -0.18420997636428993 0.04555377403306604 -0.6094546289750384 0.6031452127033099 0.18633669837627942 0.6785618809690397 0.20463366291302473 0.4207063525114141 -0.9933202177286949
0.08064974992469054 -0.6739948310493111 -0.4564058481137414 0.40129490375916466 -0.42426954812692025 0.5403121882981143 0.09616501577536142 0.861606099227665 0.2695458860691317 0.18248232905343406 -0.07140813420599453 -0.8753884247132602 -0.3133136122952597 0.04219591623130262 -0.5338926831591895 -0.3905284337318934 -0.9164093085370871 -0.8496381110145901 0.548604552371844 0.1449824436405016 -0.688666958072367 -0.742608420964054 -0.1922914140660634 0.31743683670829337 -0.5846586697700682 -0.4121282420329171 -0.32875660417006214 0.31614909957813736 -0.2916058554734523 0.11018505079636019 -0.586847262967231 -0.4862961091730491 0.8135593972248423 0.6981567273155763 -0.0535972790990229
0.16066174151196255 0.7462781790356077 -0.5838243554783868 0.3670463537450855